#CARD1 (# of Region, # of Energy group)
7 7
#CARD2 (Grid size[cm][row column], Geometry size[row column], Geometry)
10 10
1 5
0 0 0 0 1
#CARD3 (# of fine meshes for each grid[horizontal vertical])
20 20 20 20 20
20
#CARD4 (Boundary Condition [North / South / West / East] : 0 = reflective, 1 = flux zero, 2 = vacuum)
0 0 0 1
#CARD5 (Convergence criteria : # of inner iterations, relative error of keff, max relative error of flux)
4 1.0E-10 1.0E-07
#CARD6 (D, Xs(Fission), Xs(Absorption))
@Region(0) : UO2
1.515822E+00	1.157530E-02	4.884810E-03
6.247647E-01	1.169824E-03	2.151748E-03
3.671320E-01	9.062899E-03	1.558924E-02
3.474246E-01	2.607216E-02	5.635230E-02
3.954122E-01	2.500988E-02	1.975107E-02
3.062795E-01	1.166130E-01	7.054577E-02
1.929617E-01	3.033531E-01	1.789246E-01
@Region(1) : MOX4.3
1.517933E+00	1.255223E-02	5.120875E-03
6.245350E-01	1.462842E-03	2.175003E-03
3.663497E-01	9.387193E-03	1.628226E-02
3.448240E-01	3.778082E-02	6.095357E-02
3.667067E-01	1.772886E-02	8.317871E-02
2.662590E-01	3.846806E-01	2.424559E-01
1.856264E-01	4.119971E-01	2.519599E-01
@Region(2) : MOX7.0
1.507554E+00	1.374147E-02	5.485445E-03
6.221539E-01	2.226597E-03	2.486024E-03
3.640387E-01	1.392615E-02	1.911608E-02
3.398977E-01	5.445257E-02	7.123633E-02
3.558720E-01	2.641080E-02	1.080143E-01
2.485681E-01	5.355927E-01	3.343659E-01
1.759807E-01	6.019625E-01	3.534372E-01
@Region(3) : MOX8.7
1.500740E+00	1.453319E-02	5.728088E-03
6.205832E-01	2.734861E-03	2.693122E-03
3.625035E-01	1.700985E-02	2.105434E-02
3.369339E-01	6.477212E-02	7.740483E-02
3.497210E-01	3.191175E-02	1.226825E-01
2.395677E-01	6.203114E-01	3.864375E-01
1.707019E-01	7.151179E-01	4.140027E-01
@Region(4) : FissionChamber
1.607437E+00	7.636481E-09	5.492727E-04
5.632119E-01	8.277559E-09	5.042661E-05
3.341783E-01	6.512408E-07	3.251981E-04
3.295020E-01	7.364688E-06	1.494495E-03
3.185329E-01	2.041838E-07	4.389089E-03
2.448075E-01	1.004097E-06	1.164704E-02
1.497486E-01	2.921700E-06	2.916340E-02
@Region(5) : GuideTube
1.747671E+00 0.00E+00	5.113200E-04
7.301615E-01 0.00E+00	7.580100E-05
5.202887E-01 0.00E+00	3.157200E-04
5.130810E-01 0.00E+00	1.158200E-03
4.970821E-01 0.00E+00	3.397500E-03
3.809306E-01 0.00E+00	9.187800E-03
2.323690E-01 0.00E+00	2.324200E-02
@Region(6) : Moderator
1.448834E+00 0.00E+00	6.010500E-04
4.292988E-01 0.00E+00	1.579300E-05
2.245879E-01 0.00E+00	3.371600E-04
2.214545E-01 0.00E+00	1.940600E-03
2.137848E-01 0.00E+00	5.741600E-03
1.645765E-01 0.00E+00	1.500100E-02
1.008359E-01 0.00E+00	3.723900E-02
#CARD7 (Xs(Scattering))
@Region(0) : UO2
1.27537E-01 4.23780E-02 9.43740E-06 5.51630E-09 0.00000E+00 0.00000E+00 0.00000E+00
0.00000E+00 3.24456E-01 1.63140E-03 3.14270E-09 0.00000E+00 0.00000E+00 0.00000E+00
0.00000E+00 0.00000E+00 4.50940E-01 2.67920E-03 0.00000E+00 0.00000E+00 0.00000E+00
0.00000E+00 0.00000E+00 0.00000E+00 4.52565E-01 5.56640E-03 0.00000E+00 0.00000E+00
0.00000E+00 0.00000E+00 0.00000E+00 1.25250E-04 2.71401E-01 1.02550E-02 1.00210E-08
0.00000E+00 0.00000E+00 0.00000E+00 0.00000E+00 1.29680E-03 2.65802E-01 1.68090E-02
0.00000E+00 0.00000E+00 0.00000E+00 0.00000E+00 0.00000E+00 8.54580E-03 2.73080E-01
@Region(1) : MOX4.3
1.28876E-01 4.14130E-02 8.22900E-06 5.04050E-09 0.00000E+00 0.00000E+00 0.00000E+00
0.00000E+00 3.25452E-01 1.63950E-03 1.59820E-09 0.00000E+00 0.00000E+00 0.00000E+00
0.00000E+00 0.00000E+00 4.53188E-01 2.61420E-03 0.00000E+00 0.00000E+00 0.00000E+00
0.00000E+00 0.00000E+00 0.00000E+00 4.57173E-01 5.53940E-03 0.00000E+00 0.00000E+00
0.00000E+00 0.00000E+00 0.00000E+00 1.60460E-04 2.76814E-01 9.31270E-03 9.16560E-09
0.00000E+00 0.00000E+00 0.00000E+00 0.00000E+00 2.00510E-03 2.52962E-01 1.48500E-02
0.00000E+00 0.00000E+00 0.00000E+00 0.00000E+00 0.00000E+00 8.49480E-03 2.65007E-01
@Region(2) : MOX7.0
1.30457E-01 4.17920E-02 8.51050E-06 5.13290E-09 0.00000E+00 0.00000E+00 0.00000E+00
0.00000E+00 3.28428E-01 1.64360E-03 2.20170E-09 0.00000E+00 0.00000E+00 0.00000E+00
0.00000E+00 0.00000E+00 4.58371E-01 2.53310E-03 0.00000E+00 0.00000E+00 0.00000E+00
0.00000E+00 0.00000E+00 0.00000E+00 4.63709E-01 5.47660E-03 0.00000E+00 0.00000E+00
0.00000E+00 0.00000E+00 0.00000E+00 1.76190E-04 2.82313E-01 8.72890E-03 9.00160E-09
0.00000E+00 0.00000E+00 0.00000E+00 0.00000E+00 2.27600E-03 2.49751E-01 1.31140E-02
0.00000E+00 0.00000E+00 0.00000E+00 0.00000E+00 0.00000E+00 8.86450E-03 2.59529E-01
@Region(3) : MOX8.7
1.31504E-01 4.20460E-02 8.69720E-06 5.19380E-09 0.00000E+00 0.00000E+00 0.00000E+00
0.00000E+00 3.30403E-01 1.64630E-03 2.60060E-09 0.00000E+00 0.00000E+00 0.00000E+00
0.00000E+00 0.00000E+00 4.61792E-01 2.47490E-03 0.00000E+00 0.00000E+00 0.00000E+00
0.00000E+00 0.00000E+00 0.00000E+00 4.68021E-01 5.43300E-03 0.00000E+00 0.00000E+00
0.00000E+00 0.00000E+00 0.00000E+00 1.85970E-04 2.85771E-01 8.39730E-03 8.92800E-09
0.00000E+00 0.00000E+00 0.00000E+00 0.00000E+00 2.39160E-03 2.47614E-01 1.23220E-02
0.00000E+00 0.00000E+00 0.00000E+00 0.00000E+00 0.00000E+00 8.96810E-03 2.56093E-01
@Region(4) : FissionChamber
6.61659E-02 5.90700E-02 2.83340E-04 1.46220E-06 2.06420E-08 0.00000E+00 0.00000E+00
0.00000E+00 2.40377E-01 5.24350E-02 2.49900E-04 1.92390E-05 2.98750E-06 4.21400E-07
0.00000E+00 0.00000E+00 1.83425E-01 9.22880E-02 6.93650E-03 1.07900E-03 2.05430E-04
0.00000E+00 0.00000E+00 0.00000E+00 7.90769E-02 1.69990E-01 2.58600E-02 4.92560E-03
0.00000E+00 0.00000E+00 0.00000E+00 3.73400E-05 9.97570E-02 2.06790E-01 2.44780E-02
0.00000E+00 0.00000E+00 0.00000E+00 0.00000E+00 9.17420E-04 3.16774E-01 2.38760E-01
0.00000E+00 0.00000E+00 0.00000E+00 0.00000E+00 0.00000E+00 4.97930E-02 1.09910E+00
@Region(5) : GuideTube
6.61659E-02 5.90700E-02 2.83340E-04 1.46220E-06 2.06420E-08 0.00000E+00 0.00000E+00
0.00000E+00 2.40377E-01 5.24350E-02 2.49900E-04 1.92390E-05 2.98750E-06 4.21400E-07
0.00000E+00 0.00000E+00 1.83297E-01 9.23970E-02 6.94460E-03 1.08030E-03 2.05670E-04
0.00000E+00 0.00000E+00 0.00000E+00 7.88511E-02 1.70140E-01 2.58810E-02 4.92970E-03
0.00000E+00 0.00000E+00 0.00000E+00 3.73330E-05 9.97372E-02 2.06790E-01 2.44780E-02
0.00000E+00 0.00000E+00 0.00000E+00 0.00000E+00 9.17260E-04 3.16765E-01 2.38770E-01
0.00000E+00 0.00000E+00 0.00000E+00 0.00000E+00 0.00000E+00 4.97920E-02 1.09912E+00
@Region(6) : Moderator
4.44777E-02 1.13400E-01 7.23470E-04 3.74990E-06 5.31840E-08 0.00000E+00 0.00000E+00
0.00000E+00 2.82334E-01 1.29940E-01 6.23400E-04 4.80020E-05 7.44860E-06 1.04550E-06
0.00000E+00 0.00000E+00 3.45256E-01 2.24570E-01 1.69990E-02 2.64430E-03 5.03440E-04
0.00000E+00 0.00000E+00 0.00000E+00 9.10284E-02 4.15510E-01 6.37320E-02 1.21390E-02
0.00000E+00 0.00000E+00 0.00000E+00 7.14370E-05 1.39138E-01 5.11820E-01 6.12290E-02
0.00000E+00 0.00000E+00 0.00000E+00 0.00000E+00 2.21570E-03 6.99913E-01 5.37320E-01
0.00000E+00 0.00000E+00 0.00000E+00 0.00000E+00 0.00000E+00 1.32440E-01 2.48070E+00
#CARD8 (xg : fraction of fission neutrons for each group)
5.88E-01 4.12E-01 3.39E-04 1.18E-07 0.00E+00 0.00E+00 0.00E+00