#CARD1 (geometry size[row column], geometry)
5 5
0 0 0 0 1
0 0 0 0 1
0 0 0 0 1
0 0 0 0 1
0 0 0 0 1
#CARD6 (D, Xs(Fission), Xs(Absorption))
@Region(0) : Core
1.515822E+00	1.157530E-02	4.884810E-03
6.247647E-01	1.169824E-03	2.151748E-03
3.671320E-01	9.062899E-03	1.558924E-02
3.474246E-01	2.607216E-02	5.635230E-02
3.954122E-01	2.500988E-02	1.975107E-02
3.062795E-01	1.166130E-01	7.054577E-02
1.929617E-01	3.033531E-01	1.789246E-01
@Region(1) : Reflector
1.517933E+00	1.255223E-02	5.120875E-03
6.245350E-01	1.462842E-03	2.175003E-03
3.663497E-01	9.387193E-03	1.628226E-02
3.448240E-01	3.778082E-02	6.095357E-02
3.667067E-01	1.772886E-02	8.317871E-02
2.662590E-01	3.846806E-01	2.424559E-01
1.856264E-01	4.119971E-01	2.519599E-01
#CARD7 (Xs(Only Down Scattering))
@Region(0) : UO2
1.27537E-01 4.23780E-02 9.43740E-06 5.51630E-09 0.00000E+00 0.00000E+00 0.00000E+00
0.00000E+00 3.24456E-01 1.63140E-03 3.14270E-09 0.00000E+00 0.00000E+00 0.00000E+00
0.00000E+00 0.00000E+00 4.50940E-01 2.67920E-03 0.00000E+00 0.00000E+00 0.00000E+00
0.00000E+00 0.00000E+00 0.00000E+00 4.52565E-01 5.56640E-03 0.00000E+00 0.00000E+00
0.00000E+00 0.00000E+00 0.00000E+00 1.25250E-04 2.71401E-01 1.02550E-02 1.00210E-08
0.00000E+00 0.00000E+00 0.00000E+00 0.00000E+00 1.29680E-03 2.65802E-01 1.68090E-02
0.00000E+00 0.00000E+00 0.00000E+00 0.00000E+00 0.00000E+00 8.54580E-03 2.73080E-01
@Region(1) : MOX4.3
1.28876E-01 4.14130E-02 8.22900E-06 5.04050E-09 0.00000E+00 0.00000E+00 0.00000E+00
0.00000E+00 3.25452E-01 1.63950E-03 1.59820E-09 0.00000E+00 0.00000E+00 0.00000E+00
0.00000E+00 0.00000E+00 4.53188E-01 2.61420E-03 0.00000E+00 0.00000E+00 0.00000E+00
0.00000E+00 0.00000E+00 0.00000E+00 4.57173E-01 5.53940E-03 0.00000E+00 0.00000E+00
0.00000E+00 0.00000E+00 0.00000E+00 1.60460E-04 2.76814E-01 9.31270E-03 9.16560E-09
0.00000E+00 0.00000E+00 0.00000E+00 0.00000E+00 2.00510E-03 2.52962E-01 1.48500E-02
0.00000E+00 0.00000E+00 0.00000E+00 0.00000E+00 0.00000E+00 8.49480E-03 2.65007E-01