0 0 0 0
0 0 1 0.1
0 0 2 0.2
0 0 3 0.3
0 0 4 0.4
0 0 5 0.5
0 0 6 0.6
0 0 7 0.7
0 0 8 0.8
0 0 9 0.9
0 1 0 0.001
0 1 1 0.101
0 1 2 0.201
0 1 3 0.301
0 1 4 0.401
0 1 5 0.501
0 1 6 0.601
0 1 7 0.701
0 1 8 0.801
0 1 9 0.901
0 2 0 0.002
0 2 1 0.102
0 2 2 0.202
0 2 3 0.302
0 2 4 0.402
0 2 5 0.502
0 2 6 0.602
0 2 7 0.702
0 2 8 0.802
0 2 9 0.902
0 3 0 0.003
0 3 1 0.103
0 3 2 0.203
0 3 3 0.303
0 3 4 0.403
0 3 5 0.503
0 3 6 0.603
0 3 7 0.703
0 3 8 0.803
0 3 9 0.903
0 4 0 0.004
0 4 1 0.104
0 4 2 0.204
0 4 3 0.304
0 4 4 0.404
0 4 5 0.504
0 4 6 0.604
0 4 7 0.704
0 4 8 0.804
0 4 9 0.904
0 5 0 0.005
0 5 1 0.105
0 5 2 0.205
0 5 3 0.305
0 5 4 0.405
0 5 5 0.505
0 5 6 0.605
0 5 7 0.705
0 5 8 0.805
0 5 9 0.905
0 6 0 0.006
0 6 1 0.106
0 6 2 0.206
0 6 3 0.306
0 6 4 0.406
0 6 5 0.506
0 6 6 0.606
0 6 7 0.706
0 6 8 0.806
0 6 9 0.906
0 7 0 0.007
0 7 1 0.107
0 7 2 0.207
0 7 3 0.307
0 7 4 0.407
0 7 5 0.507
0 7 6 0.607
0 7 7 0.707
0 7 8 0.807
0 7 9 0.907
0 8 0 0.008
0 8 1 0.108
0 8 2 0.208
0 8 3 0.308
0 8 4 0.408
0 8 5 0.508
0 8 6 0.608
0 8 7 0.708
0 8 8 0.808
0 8 9 0.908
0 9 0 0.009
0 9 1 0.109
0 9 2 0.209
0 9 3 0.309
0 9 4 0.409
0 9 5 0.509
0 9 6 0.609
0 9 7 0.709
0 9 8 0.809
0 9 9 0.909
0 10 0 0.01
0 10 1 0.11
0 10 2 0.21
0 10 3 0.31
0 10 4 0.41
0 10 5 0.51
0 10 6 0.61
0 10 7 0.71
0 10 8 0.81
0 10 9 0.91
0 11 0 0.011
0 11 1 0.111
0 11 2 0.211
0 11 3 0.311
0 11 4 0.411
0 11 5 0.511
0 11 6 0.611
0 11 7 0.711
0 11 8 0.811
0 11 9 0.911
0 12 0 0.012
0 12 1 0.112
0 12 2 0.212
0 12 3 0.312
0 12 4 0.412
0 12 5 0.512
0 12 6 0.612
0 12 7 0.712
0 12 8 0.812
0 12 9 0.912
0 13 0 0.013
0 13 1 0.113
0 13 2 0.213
0 13 3 0.313
0 13 4 0.413
0 13 5 0.513
0 13 6 0.613
0 13 7 0.713
0 13 8 0.813
0 13 9 0.913
0 14 0 0.014
0 14 1 0.114
0 14 2 0.214
0 14 3 0.314
0 14 4 0.414
0 14 5 0.514
0 14 6 0.614
0 14 7 0.714
0 14 8 0.814
0 14 9 0.914
0 15 0 0.015
0 15 1 0.115
0 15 2 0.215
0 15 3 0.315
0 15 4 0.415
0 15 5 0.515
0 15 6 0.615
0 15 7 0.715
0 15 8 0.815
0 15 9 0.915
0 16 0 0.016
0 16 1 0.116
0 16 2 0.216
0 16 3 0.316
0 16 4 0.416
0 16 5 0.516
0 16 6 0.616
0 16 7 0.716
0 16 8 0.816
0 16 9 0.916
0 17 0 0.017
0 17 1 0.117
0 17 2 0.217
0 17 3 0.317
0 17 4 0.417
0 17 5 0.517
0 17 6 0.617
0 17 7 0.717
0 17 8 0.817
0 17 9 0.917
0 18 0 0.018
0 18 1 0.118
0 18 2 0.218
0 18 3 0.318
0 18 4 0.418
0 18 5 0.518
0 18 6 0.618
0 18 7 0.718
0 18 8 0.818
0 18 9 0.918
0 19 0 0.019
0 19 1 0.119
0 19 2 0.219
0 19 3 0.319
0 19 4 0.419
0 19 5 0.519
0 19 6 0.619
0 19 7 0.719
0 19 8 0.819
0 19 9 0.919
0 20 0 0.02
0 20 1 0.12
0 20 2 0.22
0 20 3 0.32
0 20 4 0.42
0 20 5 0.52
0 20 6 0.62
0 20 7 0.72
0 20 8 0.82
0 20 9 0.92
0 21 0 0.021
0 21 1 0.121
0 21 2 0.221
0 21 3 0.321
0 21 4 0.421
0 21 5 0.521
0 21 6 0.621
0 21 7 0.721
0 21 8 0.821
0 21 9 0.921
0 22 0 0.022
0 22 1 0.122
0 22 2 0.222
0 22 3 0.322
0 22 4 0.422
0 22 5 0.522
0 22 6 0.622
0 22 7 0.722
0 22 8 0.822
0 22 9 0.922
0 23 0 0.023
0 23 1 0.123
0 23 2 0.223
0 23 3 0.323
0 23 4 0.423
0 23 5 0.523
0 23 6 0.623
0 23 7 0.723
0 23 8 0.823
0 23 9 0.923
0 24 0 0.024
0 24 1 0.124
0 24 2 0.224
0 24 3 0.324
0 24 4 0.424
0 24 5 0.524
0 24 6 0.624
0 24 7 0.724
0 24 8 0.824
0 24 9 0.924
0 25 0 0.025
0 25 1 0.125
0 25 2 0.225
0 25 3 0.325
0 25 4 0.425
0 25 5 0.525
0 25 6 0.625
0 25 7 0.725
0 25 8 0.825
0 25 9 0.925
0 26 0 0.026
0 26 1 0.126
0 26 2 0.226
0 26 3 0.326
0 26 4 0.426
0 26 5 0.526
0 26 6 0.626
0 26 7 0.726
0 26 8 0.826
0 26 9 0.926
0 27 0 0.027
0 27 1 0.127
0 27 2 0.227
0 27 3 0.327
0 27 4 0.427
0 27 5 0.527
0 27 6 0.627
0 27 7 0.727
0 27 8 0.827
0 27 9 0.927
0 28 0 0.028
0 28 1 0.128
0 28 2 0.228
0 28 3 0.328
0 28 4 0.428
0 28 5 0.528
0 28 6 0.628
0 28 7 0.728
0 28 8 0.828
0 28 9 0.928
0 29 0 0.029
0 29 1 0.129
0 29 2 0.229
0 29 3 0.329
0 29 4 0.429
0 29 5 0.529
0 29 6 0.629
0 29 7 0.729
0 29 8 0.829
0 29 9 0.929
1 0 0 0.01
1 0 1 0.11
1 0 2 0.21
1 0 3 0.31
1 0 4 0.41
1 0 5 0.51
1 0 6 0.61
1 0 7 0.71
1 0 8 0.81
1 0 9 0.91
1 1 0 0.011
1 1 1 0.111
1 1 2 0.211
1 1 3 0.311
1 1 4 0.411
1 1 5 0.511
1 1 6 0.611
1 1 7 0.711
1 1 8 0.811
1 1 9 0.911
1 2 0 0.012
1 2 1 0.112
1 2 2 0.212
1 2 3 0.312
1 2 4 0.412
1 2 5 0.512
1 2 6 0.612
1 2 7 0.712
1 2 8 0.812
1 2 9 0.912
1 3 0 0.013
1 3 1 0.113
1 3 2 0.213
1 3 3 0.313
1 3 4 0.413
1 3 5 0.513
1 3 6 0.613
1 3 7 0.713
1 3 8 0.813
1 3 9 0.913
1 4 0 0.014
1 4 1 0.114
1 4 2 0.214
1 4 3 0.314
1 4 4 0.414
1 4 5 0.514
1 4 6 0.614
1 4 7 0.714
1 4 8 0.814
1 4 9 0.914
1 5 0 0.015
1 5 1 0.115
1 5 2 0.215
1 5 3 0.315
1 5 4 0.415
1 5 5 0.515
1 5 6 0.615
1 5 7 0.715
1 5 8 0.815
1 5 9 0.915
1 6 0 0.016
1 6 1 0.116
1 6 2 0.216
1 6 3 0.316
1 6 4 0.416
1 6 5 0.516
1 6 6 0.616
1 6 7 0.716
1 6 8 0.816
1 6 9 0.916
1 7 0 0.017
1 7 1 0.117
1 7 2 0.217
1 7 3 0.317
1 7 4 0.417
1 7 5 0.517
1 7 6 0.617
1 7 7 0.717
1 7 8 0.817
1 7 9 0.917
1 8 0 0.018
1 8 1 0.118
1 8 2 0.218
1 8 3 0.318
1 8 4 0.418
1 8 5 0.518
1 8 6 0.618
1 8 7 0.718
1 8 8 0.818
1 8 9 0.918
1 9 0 0.019
1 9 1 0.119
1 9 2 0.219
1 9 3 0.319
1 9 4 0.419
1 9 5 0.519
1 9 6 0.619
1 9 7 0.719
1 9 8 0.819
1 9 9 0.919
1 10 0 0.02
1 10 1 0.12
1 10 2 0.22
1 10 3 0.32
1 10 4 0.42
1 10 5 0.52
1 10 6 0.62
1 10 7 0.72
1 10 8 0.82
1 10 9 0.92
1 11 0 0.021
1 11 1 0.121
1 11 2 0.221
1 11 3 0.321
1 11 4 0.421
1 11 5 0.521
1 11 6 0.621
1 11 7 0.721
1 11 8 0.821
1 11 9 0.921
1 12 0 0.022
1 12 1 0.122
1 12 2 0.222
1 12 3 0.322
1 12 4 0.422
1 12 5 0.522
1 12 6 0.622
1 12 7 0.722
1 12 8 0.822
1 12 9 0.922
1 13 0 0.023
1 13 1 0.123
1 13 2 0.223
1 13 3 0.323
1 13 4 0.423
1 13 5 0.523
1 13 6 0.623
1 13 7 0.723
1 13 8 0.823
1 13 9 0.923
1 14 0 0.024
1 14 1 0.124
1 14 2 0.224
1 14 3 0.324
1 14 4 0.424
1 14 5 0.524
1 14 6 0.624
1 14 7 0.724
1 14 8 0.824
1 14 9 0.924
1 15 0 0.025
1 15 1 0.125
1 15 2 0.225
1 15 3 0.325
1 15 4 0.425
1 15 5 0.525
1 15 6 0.625
1 15 7 0.725
1 15 8 0.825
1 15 9 0.925
1 16 0 0.026
1 16 1 0.126
1 16 2 0.226
1 16 3 0.326
1 16 4 0.426
1 16 5 0.526
1 16 6 0.626
1 16 7 0.726
1 16 8 0.826
1 16 9 0.926
1 17 0 0.027
1 17 1 0.127
1 17 2 0.227
1 17 3 0.327
1 17 4 0.427
1 17 5 0.527
1 17 6 0.627
1 17 7 0.727
1 17 8 0.827
1 17 9 0.927
1 18 0 0.028
1 18 1 0.128
1 18 2 0.228
1 18 3 0.328
1 18 4 0.428
1 18 5 0.528
1 18 6 0.628
1 18 7 0.728
1 18 8 0.828
1 18 9 0.928
1 19 0 0.029
1 19 1 0.129
1 19 2 0.229
1 19 3 0.329
1 19 4 0.429
1 19 5 0.529
1 19 6 0.629
1 19 7 0.729
1 19 8 0.829
1 19 9 0.929
1 20 0 0.03
1 20 1 0.13
1 20 2 0.23
1 20 3 0.33
1 20 4 0.43
1 20 5 0.53
1 20 6 0.63
1 20 7 0.73
1 20 8 0.83
1 20 9 0.93
1 21 0 0.031
1 21 1 0.131
1 21 2 0.231
1 21 3 0.331
1 21 4 0.431
1 21 5 0.531
1 21 6 0.631
1 21 7 0.731
1 21 8 0.831
1 21 9 0.931
1 22 0 0.032
1 22 1 0.132
1 22 2 0.232
1 22 3 0.332
1 22 4 0.432
1 22 5 0.532
1 22 6 0.632
1 22 7 0.732
1 22 8 0.832
1 22 9 0.932
1 23 0 0.033
1 23 1 0.133
1 23 2 0.233
1 23 3 0.333
1 23 4 0.433
1 23 5 0.533
1 23 6 0.633
1 23 7 0.733
1 23 8 0.833
1 23 9 0.933
1 24 0 0.034
1 24 1 0.134
1 24 2 0.234
1 24 3 0.334
1 24 4 0.434
1 24 5 0.534
1 24 6 0.634
1 24 7 0.734
1 24 8 0.834
1 24 9 0.934
1 25 0 0.035
1 25 1 0.135
1 25 2 0.235
1 25 3 0.335
1 25 4 0.435
1 25 5 0.535
1 25 6 0.635
1 25 7 0.735
1 25 8 0.835
1 25 9 0.935
1 26 0 0.036
1 26 1 0.136
1 26 2 0.236
1 26 3 0.336
1 26 4 0.436
1 26 5 0.536
1 26 6 0.636
1 26 7 0.736
1 26 8 0.836
1 26 9 0.936
1 27 0 0.037
1 27 1 0.137
1 27 2 0.237
1 27 3 0.337
1 27 4 0.437
1 27 5 0.537
1 27 6 0.637
1 27 7 0.737
1 27 8 0.837
1 27 9 0.937
1 28 0 0.038
1 28 1 0.138
1 28 2 0.238
1 28 3 0.338
1 28 4 0.438
1 28 5 0.538
1 28 6 0.638
1 28 7 0.738
1 28 8 0.838
1 28 9 0.938
1 29 0 0.039
1 29 1 0.139
1 29 2 0.239
1 29 3 0.339
1 29 4 0.439
1 29 5 0.539
1 29 6 0.639
1 29 7 0.739
1 29 8 0.839
1 29 9 0.939
2 0 0 0.02
2 0 1 0.12
2 0 2 0.22
2 0 3 0.32
2 0 4 0.42
2 0 5 0.52
2 0 6 0.62
2 0 7 0.72
2 0 8 0.82
2 0 9 0.92
2 1 0 0.021
2 1 1 0.121
2 1 2 0.221
2 1 3 0.321
2 1 4 0.421
2 1 5 0.521
2 1 6 0.621
2 1 7 0.721
2 1 8 0.821
2 1 9 0.921
2 2 0 0.022
2 2 1 0.122
2 2 2 0.222
2 2 3 0.322
2 2 4 0.422
2 2 5 0.522
2 2 6 0.622
2 2 7 0.722
2 2 8 0.822
2 2 9 0.922
2 3 0 0.023
2 3 1 0.123
2 3 2 0.223
2 3 3 0.323
2 3 4 0.423
2 3 5 0.523
2 3 6 0.623
2 3 7 0.723
2 3 8 0.823
2 3 9 0.923
2 4 0 0.024
2 4 1 0.124
2 4 2 0.224
2 4 3 0.324
2 4 4 0.424
2 4 5 0.524
2 4 6 0.624
2 4 7 0.724
2 4 8 0.824
2 4 9 0.924
2 5 0 0.025
2 5 1 0.125
2 5 2 0.225
2 5 3 0.325
2 5 4 0.425
2 5 5 0.525
2 5 6 0.625
2 5 7 0.725
2 5 8 0.825
2 5 9 0.925
2 6 0 0.026
2 6 1 0.126
2 6 2 0.226
2 6 3 0.326
2 6 4 0.426
2 6 5 0.526
2 6 6 0.626
2 6 7 0.726
2 6 8 0.826
2 6 9 0.926
2 7 0 0.027
2 7 1 0.127
2 7 2 0.227
2 7 3 0.327
2 7 4 0.427
2 7 5 0.527
2 7 6 0.627
2 7 7 0.727
2 7 8 0.827
2 7 9 0.927
2 8 0 0.028
2 8 1 0.128
2 8 2 0.228
2 8 3 0.328
2 8 4 0.428
2 8 5 0.528
2 8 6 0.628
2 8 7 0.728
2 8 8 0.828
2 8 9 0.928
2 9 0 0.029
2 9 1 0.129
2 9 2 0.229
2 9 3 0.329
2 9 4 0.429
2 9 5 0.529
2 9 6 0.629
2 9 7 0.729
2 9 8 0.829
2 9 9 0.929
2 10 0 0.03
2 10 1 0.13
2 10 2 0.23
2 10 3 0.33
2 10 4 0.43
2 10 5 0.53
2 10 6 0.63
2 10 7 0.73
2 10 8 0.83
2 10 9 0.93
2 11 0 0.031
2 11 1 0.131
2 11 2 0.231
2 11 3 0.331
2 11 4 0.431
2 11 5 0.531
2 11 6 0.631
2 11 7 0.731
2 11 8 0.831
2 11 9 0.931
2 12 0 0.032
2 12 1 0.132
2 12 2 0.232
2 12 3 0.332
2 12 4 0.432
2 12 5 0.532
2 12 6 0.632
2 12 7 0.732
2 12 8 0.832
2 12 9 0.932
2 13 0 0.033
2 13 1 0.133
2 13 2 0.233
2 13 3 0.333
2 13 4 0.433
2 13 5 0.533
2 13 6 0.633
2 13 7 0.733
2 13 8 0.833
2 13 9 0.933
2 14 0 0.034
2 14 1 0.134
2 14 2 0.234
2 14 3 0.334
2 14 4 0.434
2 14 5 0.534
2 14 6 0.634
2 14 7 0.734
2 14 8 0.834
2 14 9 0.934
2 15 0 0.035
2 15 1 0.135
2 15 2 0.235
2 15 3 0.335
2 15 4 0.435
2 15 5 0.535
2 15 6 0.635
2 15 7 0.735
2 15 8 0.835
2 15 9 0.935
2 16 0 0.036
2 16 1 0.136
2 16 2 0.236
2 16 3 0.336
2 16 4 0.436
2 16 5 0.536
2 16 6 0.636
2 16 7 0.736
2 16 8 0.836
2 16 9 0.936
2 17 0 0.037
2 17 1 0.137
2 17 2 0.237
2 17 3 0.337
2 17 4 0.437
2 17 5 0.537
2 17 6 0.637
2 17 7 0.737
2 17 8 0.837
2 17 9 0.937
2 18 0 0.038
2 18 1 0.138
2 18 2 0.238
2 18 3 0.338
2 18 4 0.438
2 18 5 0.538
2 18 6 0.638
2 18 7 0.738
2 18 8 0.838
2 18 9 0.938
2 19 0 0.039
2 19 1 0.139
2 19 2 0.239
2 19 3 0.339
2 19 4 0.439
2 19 5 0.539
2 19 6 0.639
2 19 7 0.739
2 19 8 0.839
2 19 9 0.939
2 20 0 0.04
2 20 1 0.14
2 20 2 0.24
2 20 3 0.34
2 20 4 0.44
2 20 5 0.54
2 20 6 0.64
2 20 7 0.74
2 20 8 0.84
2 20 9 0.94
2 21 0 0.041
2 21 1 0.141
2 21 2 0.241
2 21 3 0.341
2 21 4 0.441
2 21 5 0.541
2 21 6 0.641
2 21 7 0.741
2 21 8 0.841
2 21 9 0.941
2 22 0 0.042
2 22 1 0.142
2 22 2 0.242
2 22 3 0.342
2 22 4 0.442
2 22 5 0.542
2 22 6 0.642
2 22 7 0.742
2 22 8 0.842
2 22 9 0.942
2 23 0 0.043
2 23 1 0.143
2 23 2 0.243
2 23 3 0.343
2 23 4 0.443
2 23 5 0.543
2 23 6 0.643
2 23 7 0.743
2 23 8 0.843
2 23 9 0.943
2 24 0 0.044
2 24 1 0.144
2 24 2 0.244
2 24 3 0.344
2 24 4 0.444
2 24 5 0.544
2 24 6 0.644
2 24 7 0.744
2 24 8 0.844
2 24 9 0.944
2 25 0 0.045
2 25 1 0.145
2 25 2 0.245
2 25 3 0.345
2 25 4 0.445
2 25 5 0.545
2 25 6 0.645
2 25 7 0.745
2 25 8 0.845
2 25 9 0.945
2 26 0 0.046
2 26 1 0.146
2 26 2 0.246
2 26 3 0.346
2 26 4 0.446
2 26 5 0.546
2 26 6 0.646
2 26 7 0.746
2 26 8 0.846
2 26 9 0.946
2 27 0 0.047
2 27 1 0.147
2 27 2 0.247
2 27 3 0.347
2 27 4 0.447
2 27 5 0.547
2 27 6 0.647
2 27 7 0.747
2 27 8 0.847
2 27 9 0.947
2 28 0 0.048
2 28 1 0.148
2 28 2 0.248
2 28 3 0.348
2 28 4 0.448
2 28 5 0.548
2 28 6 0.648
2 28 7 0.748
2 28 8 0.848
2 28 9 0.948
2 29 0 0.049
2 29 1 0.149
2 29 2 0.249
2 29 3 0.349
2 29 4 0.449
2 29 5 0.549
2 29 6 0.649
2 29 7 0.749
2 29 8 0.849
2 29 9 0.949
3 0 0 0.03
3 0 1 0.13
3 0 2 0.23
3 0 3 0.33
3 0 4 0.43
3 0 5 0.53
3 0 6 0.63
3 0 7 0.73
3 0 8 0.83
3 0 9 0.93
3 1 0 0.031
3 1 1 0.131
3 1 2 0.231
3 1 3 0.331
3 1 4 0.431
3 1 5 0.531
3 1 6 0.631
3 1 7 0.731
3 1 8 0.831
3 1 9 0.931
3 2 0 0.032
3 2 1 0.132
3 2 2 0.232
3 2 3 0.332
3 2 4 0.432
3 2 5 0.532
3 2 6 0.632
3 2 7 0.732
3 2 8 0.832
3 2 9 0.932
3 3 0 0.033
3 3 1 0.133
3 3 2 0.233
3 3 3 0.333
3 3 4 0.433
3 3 5 0.533
3 3 6 0.633
3 3 7 0.733
3 3 8 0.833
3 3 9 0.933
3 4 0 0.034
3 4 1 0.134
3 4 2 0.234
3 4 3 0.334
3 4 4 0.434
3 4 5 0.534
3 4 6 0.634
3 4 7 0.734
3 4 8 0.834
3 4 9 0.934
3 5 0 0.035
3 5 1 0.135
3 5 2 0.235
3 5 3 0.335
3 5 4 0.435
3 5 5 0.535
3 5 6 0.635
3 5 7 0.735
3 5 8 0.835
3 5 9 0.935
3 6 0 0.036
3 6 1 0.136
3 6 2 0.236
3 6 3 0.336
3 6 4 0.436
3 6 5 0.536
3 6 6 0.636
3 6 7 0.736
3 6 8 0.836
3 6 9 0.936
3 7 0 0.037
3 7 1 0.137
3 7 2 0.237
3 7 3 0.337
3 7 4 0.437
3 7 5 0.537
3 7 6 0.637
3 7 7 0.737
3 7 8 0.837
3 7 9 0.937
3 8 0 0.038
3 8 1 0.138
3 8 2 0.238
3 8 3 0.338
3 8 4 0.438
3 8 5 0.538
3 8 6 0.638
3 8 7 0.738
3 8 8 0.838
3 8 9 0.938
3 9 0 0.039
3 9 1 0.139
3 9 2 0.239
3 9 3 0.339
3 9 4 0.439
3 9 5 0.539
3 9 6 0.639
3 9 7 0.739
3 9 8 0.839
3 9 9 0.939
3 10 0 0.04
3 10 1 0.14
3 10 2 0.24
3 10 3 0.34
3 10 4 0.44
3 10 5 0.54
3 10 6 0.64
3 10 7 0.74
3 10 8 0.84
3 10 9 0.94
3 11 0 0.041
3 11 1 0.141
3 11 2 0.241
3 11 3 0.341
3 11 4 0.441
3 11 5 0.541
3 11 6 0.641
3 11 7 0.741
3 11 8 0.841
3 11 9 0.941
3 12 0 0.042
3 12 1 0.142
3 12 2 0.242
3 12 3 0.342
3 12 4 0.442
3 12 5 0.542
3 12 6 0.642
3 12 7 0.742
3 12 8 0.842
3 12 9 0.942
3 13 0 0.043
3 13 1 0.143
3 13 2 0.243
3 13 3 0.343
3 13 4 0.443
3 13 5 0.543
3 13 6 0.643
3 13 7 0.743
3 13 8 0.843
3 13 9 0.943
3 14 0 0.044
3 14 1 0.144
3 14 2 0.244
3 14 3 0.344
3 14 4 0.444
3 14 5 0.544
3 14 6 0.644
3 14 7 0.744
3 14 8 0.844
3 14 9 0.944
3 15 0 0.045
3 15 1 0.145
3 15 2 0.245
3 15 3 0.345
3 15 4 0.445
3 15 5 0.545
3 15 6 0.645
3 15 7 0.745
3 15 8 0.845
3 15 9 0.945
3 16 0 0.046
3 16 1 0.146
3 16 2 0.246
3 16 3 0.346
3 16 4 0.446
3 16 5 0.546
3 16 6 0.646
3 16 7 0.746
3 16 8 0.846
3 16 9 0.946
3 17 0 0.047
3 17 1 0.147
3 17 2 0.247
3 17 3 0.347
3 17 4 0.447
3 17 5 0.547
3 17 6 0.647
3 17 7 0.747
3 17 8 0.847
3 17 9 0.947
3 18 0 0.048
3 18 1 0.148
3 18 2 0.248
3 18 3 0.348
3 18 4 0.448
3 18 5 0.548
3 18 6 0.648
3 18 7 0.748
3 18 8 0.848
3 18 9 0.948
3 19 0 0.049
3 19 1 0.149
3 19 2 0.249
3 19 3 0.349
3 19 4 0.449
3 19 5 0.549
3 19 6 0.649
3 19 7 0.749
3 19 8 0.849
3 19 9 0.949
3 20 0 0.05
3 20 1 0.15
3 20 2 0.25
3 20 3 0.35
3 20 4 0.45
3 20 5 0.55
3 20 6 0.65
3 20 7 0.75
3 20 8 0.85
3 20 9 0.95
3 21 0 0.051
3 21 1 0.151
3 21 2 0.251
3 21 3 0.351
3 21 4 0.451
3 21 5 0.551
3 21 6 0.651
3 21 7 0.751
3 21 8 0.851
3 21 9 0.951
3 22 0 0.052
3 22 1 0.152
3 22 2 0.252
3 22 3 0.352
3 22 4 0.452
3 22 5 0.552
3 22 6 0.652
3 22 7 0.752
3 22 8 0.852
3 22 9 0.952
3 23 0 0.053
3 23 1 0.153
3 23 2 0.253
3 23 3 0.353
3 23 4 0.453
3 23 5 0.553
3 23 6 0.653
3 23 7 0.753
3 23 8 0.853
3 23 9 0.953
3 24 0 0.054
3 24 1 0.154
3 24 2 0.254
3 24 3 0.354
3 24 4 0.454
3 24 5 0.554
3 24 6 0.654
3 24 7 0.754
3 24 8 0.854
3 24 9 0.954
3 25 0 0.055
3 25 1 0.155
3 25 2 0.255
3 25 3 0.355
3 25 4 0.455
3 25 5 0.555
3 25 6 0.655
3 25 7 0.755
3 25 8 0.855
3 25 9 0.955
3 26 0 0.056
3 26 1 0.156
3 26 2 0.256
3 26 3 0.356
3 26 4 0.456
3 26 5 0.556
3 26 6 0.656
3 26 7 0.756
3 26 8 0.856
3 26 9 0.956
3 27 0 0.057
3 27 1 0.157
3 27 2 0.257
3 27 3 0.357
3 27 4 0.457
3 27 5 0.557
3 27 6 0.657
3 27 7 0.757
3 27 8 0.857
3 27 9 0.957
3 28 0 0.058
3 28 1 0.158
3 28 2 0.258
3 28 3 0.358
3 28 4 0.458
3 28 5 0.558
3 28 6 0.658
3 28 7 0.758
3 28 8 0.858
3 28 9 0.958
3 29 0 0.059
3 29 1 0.159
3 29 2 0.259
3 29 3 0.359
3 29 4 0.459
3 29 5 0.559
3 29 6 0.659
3 29 7 0.759
3 29 8 0.859
3 29 9 0.959
4 0 0 0.04
4 0 1 0.14
4 0 2 0.24
4 0 3 0.34
4 0 4 0.44
4 0 5 0.54
4 0 6 0.64
4 0 7 0.74
4 0 8 0.84
4 0 9 0.94
4 1 0 0.041
4 1 1 0.141
4 1 2 0.241
4 1 3 0.341
4 1 4 0.441
4 1 5 0.541
4 1 6 0.641
4 1 7 0.741
4 1 8 0.841
4 1 9 0.941
4 2 0 0.042
4 2 1 0.142
4 2 2 0.242
4 2 3 0.342
4 2 4 0.442
4 2 5 0.542
4 2 6 0.642
4 2 7 0.742
4 2 8 0.842
4 2 9 0.942
4 3 0 0.043
4 3 1 0.143
4 3 2 0.243
4 3 3 0.343
4 3 4 0.443
4 3 5 0.543
4 3 6 0.643
4 3 7 0.743
4 3 8 0.843
4 3 9 0.943
4 4 0 0.044
4 4 1 0.144
4 4 2 0.244
4 4 3 0.344
4 4 4 0.444
4 4 5 0.544
4 4 6 0.644
4 4 7 0.744
4 4 8 0.844
4 4 9 0.944
4 5 0 0.045
4 5 1 0.145
4 5 2 0.245
4 5 3 0.345
4 5 4 0.445
4 5 5 0.545
4 5 6 0.645
4 5 7 0.745
4 5 8 0.845
4 5 9 0.945
4 6 0 0.046
4 6 1 0.146
4 6 2 0.246
4 6 3 0.346
4 6 4 0.446
4 6 5 0.546
4 6 6 0.646
4 6 7 0.746
4 6 8 0.846
4 6 9 0.946
4 7 0 0.047
4 7 1 0.147
4 7 2 0.247
4 7 3 0.347
4 7 4 0.447
4 7 5 0.547
4 7 6 0.647
4 7 7 0.747
4 7 8 0.847
4 7 9 0.947
4 8 0 0.048
4 8 1 0.148
4 8 2 0.248
4 8 3 0.348
4 8 4 0.448
4 8 5 0.548
4 8 6 0.648
4 8 7 0.748
4 8 8 0.848
4 8 9 0.948
4 9 0 0.049
4 9 1 0.149
4 9 2 0.249
4 9 3 0.349
4 9 4 0.449
4 9 5 0.549
4 9 6 0.649
4 9 7 0.749
4 9 8 0.849
4 9 9 0.949
4 10 0 0.05
4 10 1 0.15
4 10 2 0.25
4 10 3 0.35
4 10 4 0.45
4 10 5 0.55
4 10 6 0.65
4 10 7 0.75
4 10 8 0.85
4 10 9 0.95
4 11 0 0.051
4 11 1 0.151
4 11 2 0.251
4 11 3 0.351
4 11 4 0.451
4 11 5 0.551
4 11 6 0.651
4 11 7 0.751
4 11 8 0.851
4 11 9 0.951
4 12 0 0.052
4 12 1 0.152
4 12 2 0.252
4 12 3 0.352
4 12 4 0.452
4 12 5 0.552
4 12 6 0.652
4 12 7 0.752
4 12 8 0.852
4 12 9 0.952
4 13 0 0.053
4 13 1 0.153
4 13 2 0.253
4 13 3 0.353
4 13 4 0.453
4 13 5 0.553
4 13 6 0.653
4 13 7 0.753
4 13 8 0.853
4 13 9 0.953
4 14 0 0.054
4 14 1 0.154
4 14 2 0.254
4 14 3 0.354
4 14 4 0.454
4 14 5 0.554
4 14 6 0.654
4 14 7 0.754
4 14 8 0.854
4 14 9 0.954
4 15 0 0.055
4 15 1 0.155
4 15 2 0.255
4 15 3 0.355
4 15 4 0.455
4 15 5 0.555
4 15 6 0.655
4 15 7 0.755
4 15 8 0.855
4 15 9 0.955
4 16 0 0.056
4 16 1 0.156
4 16 2 0.256
4 16 3 0.356
4 16 4 0.456
4 16 5 0.556
4 16 6 0.656
4 16 7 0.756
4 16 8 0.856
4 16 9 0.956
4 17 0 0.057
4 17 1 0.157
4 17 2 0.257
4 17 3 0.357
4 17 4 0.457
4 17 5 0.557
4 17 6 0.657
4 17 7 0.757
4 17 8 0.857
4 17 9 0.957
4 18 0 0.058
4 18 1 0.158
4 18 2 0.258
4 18 3 0.358
4 18 4 0.458
4 18 5 0.558
4 18 6 0.658
4 18 7 0.758
4 18 8 0.858
4 18 9 0.958
4 19 0 0.059
4 19 1 0.159
4 19 2 0.259
4 19 3 0.359
4 19 4 0.459
4 19 5 0.559
4 19 6 0.659
4 19 7 0.759
4 19 8 0.859
4 19 9 0.959
4 20 0 0.06
4 20 1 0.16
4 20 2 0.26
4 20 3 0.36
4 20 4 0.46
4 20 5 0.56
4 20 6 0.66
4 20 7 0.76
4 20 8 0.86
4 20 9 0.96
4 21 0 0.061
4 21 1 0.161
4 21 2 0.261
4 21 3 0.361
4 21 4 0.461
4 21 5 0.561
4 21 6 0.661
4 21 7 0.761
4 21 8 0.861
4 21 9 0.961
4 22 0 0.062
4 22 1 0.162
4 22 2 0.262
4 22 3 0.362
4 22 4 0.462
4 22 5 0.562
4 22 6 0.662
4 22 7 0.762
4 22 8 0.862
4 22 9 0.962
4 23 0 0.063
4 23 1 0.163
4 23 2 0.263
4 23 3 0.363
4 23 4 0.463
4 23 5 0.563
4 23 6 0.663
4 23 7 0.763
4 23 8 0.863
4 23 9 0.963
4 24 0 0.064
4 24 1 0.164
4 24 2 0.264
4 24 3 0.364
4 24 4 0.464
4 24 5 0.564
4 24 6 0.664
4 24 7 0.764
4 24 8 0.864
4 24 9 0.964
4 25 0 0.065
4 25 1 0.165
4 25 2 0.265
4 25 3 0.365
4 25 4 0.465
4 25 5 0.565
4 25 6 0.665
4 25 7 0.765
4 25 8 0.865
4 25 9 0.965
4 26 0 0.066
4 26 1 0.166
4 26 2 0.266
4 26 3 0.366
4 26 4 0.466
4 26 5 0.566
4 26 6 0.666
4 26 7 0.766
4 26 8 0.866
4 26 9 0.966
4 27 0 0.067
4 27 1 0.167
4 27 2 0.267
4 27 3 0.367
4 27 4 0.467
4 27 5 0.567
4 27 6 0.667
4 27 7 0.767
4 27 8 0.867
4 27 9 0.967
4 28 0 0.068
4 28 1 0.168
4 28 2 0.268
4 28 3 0.368
4 28 4 0.468
4 28 5 0.568
4 28 6 0.668
4 28 7 0.768
4 28 8 0.868
4 28 9 0.968
4 29 0 0.069
4 29 1 0.169
4 29 2 0.269
4 29 3 0.369
4 29 4 0.469
4 29 5 0.569
4 29 6 0.669
4 29 7 0.769
4 29 8 0.869
4 29 9 0.969
5 0 0 0.05
5 0 1 0.15
5 0 2 0.25
5 0 3 0.35
5 0 4 0.45
5 0 5 0.55
5 0 6 0.65
5 0 7 0.75
5 0 8 0.85
5 0 9 0.95
5 1 0 0.051
5 1 1 0.151
5 1 2 0.251
5 1 3 0.351
5 1 4 0.451
5 1 5 0.551
5 1 6 0.651
5 1 7 0.751
5 1 8 0.851
5 1 9 0.951
5 2 0 0.052
5 2 1 0.152
5 2 2 0.252
5 2 3 0.352
5 2 4 0.452
5 2 5 0.552
5 2 6 0.652
5 2 7 0.752
5 2 8 0.852
5 2 9 0.952
5 3 0 0.053
5 3 1 0.153
5 3 2 0.253
5 3 3 0.353
5 3 4 0.453
5 3 5 0.553
5 3 6 0.653
5 3 7 0.753
5 3 8 0.853
5 3 9 0.953
5 4 0 0.054
5 4 1 0.154
5 4 2 0.254
5 4 3 0.354
5 4 4 0.454
5 4 5 0.554
5 4 6 0.654
5 4 7 0.754
5 4 8 0.854
5 4 9 0.954
5 5 0 0.055
5 5 1 0.155
5 5 2 0.255
5 5 3 0.355
5 5 4 0.455
5 5 5 0.555
5 5 6 0.655
5 5 7 0.755
5 5 8 0.855
5 5 9 0.955
5 6 0 0.056
5 6 1 0.156
5 6 2 0.256
5 6 3 0.356
5 6 4 0.456
5 6 5 0.556
5 6 6 0.656
5 6 7 0.756
5 6 8 0.856
5 6 9 0.956
5 7 0 0.057
5 7 1 0.157
5 7 2 0.257
5 7 3 0.357
5 7 4 0.457
5 7 5 0.557
5 7 6 0.657
5 7 7 0.757
5 7 8 0.857
5 7 9 0.957
5 8 0 0.058
5 8 1 0.158
5 8 2 0.258
5 8 3 0.358
5 8 4 0.458
5 8 5 0.558
5 8 6 0.658
5 8 7 0.758
5 8 8 0.858
5 8 9 0.958
5 9 0 0.059
5 9 1 0.159
5 9 2 0.259
5 9 3 0.359
5 9 4 0.459
5 9 5 0.559
5 9 6 0.659
5 9 7 0.759
5 9 8 0.859
5 9 9 0.959
5 10 0 0.06
5 10 1 0.16
5 10 2 0.26
5 10 3 0.36
5 10 4 0.46
5 10 5 0.56
5 10 6 0.66
5 10 7 0.76
5 10 8 0.86
5 10 9 0.96
5 11 0 0.061
5 11 1 0.161
5 11 2 0.261
5 11 3 0.361
5 11 4 0.461
5 11 5 0.561
5 11 6 0.661
5 11 7 0.761
5 11 8 0.861
5 11 9 0.961
5 12 0 0.062
5 12 1 0.162
5 12 2 0.262
5 12 3 0.362
5 12 4 0.462
5 12 5 0.562
5 12 6 0.662
5 12 7 0.762
5 12 8 0.862
5 12 9 0.962
5 13 0 0.063
5 13 1 0.163
5 13 2 0.263
5 13 3 0.363
5 13 4 0.463
5 13 5 0.563
5 13 6 0.663
5 13 7 0.763
5 13 8 0.863
5 13 9 0.963
5 14 0 0.064
5 14 1 0.164
5 14 2 0.264
5 14 3 0.364
5 14 4 0.464
5 14 5 0.564
5 14 6 0.664
5 14 7 0.764
5 14 8 0.864
5 14 9 0.964
5 15 0 0.065
5 15 1 0.165
5 15 2 0.265
5 15 3 0.365
5 15 4 0.465
5 15 5 0.565
5 15 6 0.665
5 15 7 0.765
5 15 8 0.865
5 15 9 0.965
5 16 0 0.066
5 16 1 0.166
5 16 2 0.266
5 16 3 0.366
5 16 4 0.466
5 16 5 0.566
5 16 6 0.666
5 16 7 0.766
5 16 8 0.866
5 16 9 0.966
5 17 0 0.067
5 17 1 0.167
5 17 2 0.267
5 17 3 0.367
5 17 4 0.467
5 17 5 0.567
5 17 6 0.667
5 17 7 0.767
5 17 8 0.867
5 17 9 0.967
5 18 0 0.068
5 18 1 0.168
5 18 2 0.268
5 18 3 0.368
5 18 4 0.468
5 18 5 0.568
5 18 6 0.668
5 18 7 0.768
5 18 8 0.868
5 18 9 0.968
5 19 0 0.069
5 19 1 0.169
5 19 2 0.269
5 19 3 0.369
5 19 4 0.469
5 19 5 0.569
5 19 6 0.669
5 19 7 0.769
5 19 8 0.869
5 19 9 0.969
5 20 0 0.07
5 20 1 0.17
5 20 2 0.27
5 20 3 0.37
5 20 4 0.47
5 20 5 0.57
5 20 6 0.67
5 20 7 0.77
5 20 8 0.87
5 20 9 0.97
5 21 0 0.071
5 21 1 0.171
5 21 2 0.271
5 21 3 0.371
5 21 4 0.471
5 21 5 0.571
5 21 6 0.671
5 21 7 0.771
5 21 8 0.871
5 21 9 0.971
5 22 0 0.072
5 22 1 0.172
5 22 2 0.272
5 22 3 0.372
5 22 4 0.472
5 22 5 0.572
5 22 6 0.672
5 22 7 0.772
5 22 8 0.872
5 22 9 0.972
5 23 0 0.073
5 23 1 0.173
5 23 2 0.273
5 23 3 0.373
5 23 4 0.473
5 23 5 0.573
5 23 6 0.673
5 23 7 0.773
5 23 8 0.873
5 23 9 0.973
5 24 0 0.074
5 24 1 0.174
5 24 2 0.274
5 24 3 0.374
5 24 4 0.474
5 24 5 0.574
5 24 6 0.674
5 24 7 0.774
5 24 8 0.874
5 24 9 0.974
5 25 0 0.075
5 25 1 0.175
5 25 2 0.275
5 25 3 0.375
5 25 4 0.475
5 25 5 0.575
5 25 6 0.675
5 25 7 0.775
5 25 8 0.875
5 25 9 0.975
5 26 0 0.076
5 26 1 0.176
5 26 2 0.276
5 26 3 0.376
5 26 4 0.476
5 26 5 0.576
5 26 6 0.676
5 26 7 0.776
5 26 8 0.876
5 26 9 0.976
5 27 0 0.077
5 27 1 0.177
5 27 2 0.277
5 27 3 0.377
5 27 4 0.477
5 27 5 0.577
5 27 6 0.677
5 27 7 0.777
5 27 8 0.877
5 27 9 0.977
5 28 0 0.078
5 28 1 0.178
5 28 2 0.278
5 28 3 0.378
5 28 4 0.478
5 28 5 0.578
5 28 6 0.678
5 28 7 0.778
5 28 8 0.878
5 28 9 0.978
5 29 0 0.079
5 29 1 0.179
5 29 2 0.279
5 29 3 0.379
5 29 4 0.479
5 29 5 0.579
5 29 6 0.679
5 29 7 0.779
5 29 8 0.879
5 29 9 0.979
6 0 0 0.06
6 0 1 0.16
6 0 2 0.26
6 0 3 0.36
6 0 4 0.46
6 0 5 0.56
6 0 6 0.66
6 0 7 0.76
6 0 8 0.86
6 0 9 0.96
6 1 0 0.061
6 1 1 0.161
6 1 2 0.261
6 1 3 0.361
6 1 4 0.461
6 1 5 0.561
6 1 6 0.661
6 1 7 0.761
6 1 8 0.861
6 1 9 0.961
6 2 0 0.062
6 2 1 0.162
6 2 2 0.262
6 2 3 0.362
6 2 4 0.462
6 2 5 0.562
6 2 6 0.662
6 2 7 0.762
6 2 8 0.862
6 2 9 0.962
6 3 0 0.063
6 3 1 0.163
6 3 2 0.263
6 3 3 0.363
6 3 4 0.463
6 3 5 0.563
6 3 6 0.663
6 3 7 0.763
6 3 8 0.863
6 3 9 0.963
6 4 0 0.064
6 4 1 0.164
6 4 2 0.264
6 4 3 0.364
6 4 4 0.464
6 4 5 0.564
6 4 6 0.664
6 4 7 0.764
6 4 8 0.864
6 4 9 0.964
6 5 0 0.065
6 5 1 0.165
6 5 2 0.265
6 5 3 0.365
6 5 4 0.465
6 5 5 0.565
6 5 6 0.665
6 5 7 0.765
6 5 8 0.865
6 5 9 0.965
6 6 0 0.066
6 6 1 0.166
6 6 2 0.266
6 6 3 0.366
6 6 4 0.466
6 6 5 0.566
6 6 6 0.666
6 6 7 0.766
6 6 8 0.866
6 6 9 0.966
6 7 0 0.067
6 7 1 0.167
6 7 2 0.267
6 7 3 0.367
6 7 4 0.467
6 7 5 0.567
6 7 6 0.667
6 7 7 0.767
6 7 8 0.867
6 7 9 0.967
6 8 0 0.068
6 8 1 0.168
6 8 2 0.268
6 8 3 0.368
6 8 4 0.468
6 8 5 0.568
6 8 6 0.668
6 8 7 0.768
6 8 8 0.868
6 8 9 0.968
6 9 0 0.069
6 9 1 0.169
6 9 2 0.269
6 9 3 0.369
6 9 4 0.469
6 9 5 0.569
6 9 6 0.669
6 9 7 0.769
6 9 8 0.869
6 9 9 0.969
6 10 0 0.07
6 10 1 0.17
6 10 2 0.27
6 10 3 0.37
6 10 4 0.47
6 10 5 0.57
6 10 6 0.67
6 10 7 0.77
6 10 8 0.87
6 10 9 0.97
6 11 0 0.071
6 11 1 0.171
6 11 2 0.271
6 11 3 0.371
6 11 4 0.471
6 11 5 0.571
6 11 6 0.671
6 11 7 0.771
6 11 8 0.871
6 11 9 0.971
6 12 0 0.072
6 12 1 0.172
6 12 2 0.272
6 12 3 0.372
6 12 4 0.472
6 12 5 0.572
6 12 6 0.672
6 12 7 0.772
6 12 8 0.872
6 12 9 0.972
6 13 0 0.073
6 13 1 0.173
6 13 2 0.273
6 13 3 0.373
6 13 4 0.473
6 13 5 0.573
6 13 6 0.673
6 13 7 0.773
6 13 8 0.873
6 13 9 0.973
6 14 0 0.074
6 14 1 0.174
6 14 2 0.274
6 14 3 0.374
6 14 4 0.474
6 14 5 0.574
6 14 6 0.674
6 14 7 0.774
6 14 8 0.874
6 14 9 0.974
6 15 0 0.075
6 15 1 0.175
6 15 2 0.275
6 15 3 0.375
6 15 4 0.475
6 15 5 0.575
6 15 6 0.675
6 15 7 0.775
6 15 8 0.875
6 15 9 0.975
6 16 0 0.076
6 16 1 0.176
6 16 2 0.276
6 16 3 0.376
6 16 4 0.476
6 16 5 0.576
6 16 6 0.676
6 16 7 0.776
6 16 8 0.876
6 16 9 0.976
6 17 0 0.077
6 17 1 0.177
6 17 2 0.277
6 17 3 0.377
6 17 4 0.477
6 17 5 0.577
6 17 6 0.677
6 17 7 0.777
6 17 8 0.877
6 17 9 0.977
6 18 0 0.078
6 18 1 0.178
6 18 2 0.278
6 18 3 0.378
6 18 4 0.478
6 18 5 0.578
6 18 6 0.678
6 18 7 0.778
6 18 8 0.878
6 18 9 0.978
6 19 0 0.079
6 19 1 0.179
6 19 2 0.279
6 19 3 0.379
6 19 4 0.479
6 19 5 0.579
6 19 6 0.679
6 19 7 0.779
6 19 8 0.879
6 19 9 0.979
6 20 0 0.08
6 20 1 0.18
6 20 2 0.28
6 20 3 0.38
6 20 4 0.48
6 20 5 0.58
6 20 6 0.68
6 20 7 0.78
6 20 8 0.88
6 20 9 0.98
6 21 0 0.081
6 21 1 0.181
6 21 2 0.281
6 21 3 0.381
6 21 4 0.481
6 21 5 0.581
6 21 6 0.681
6 21 7 0.781
6 21 8 0.881
6 21 9 0.981
6 22 0 0.082
6 22 1 0.182
6 22 2 0.282
6 22 3 0.382
6 22 4 0.482
6 22 5 0.582
6 22 6 0.682
6 22 7 0.782
6 22 8 0.882
6 22 9 0.982
6 23 0 0.083
6 23 1 0.183
6 23 2 0.283
6 23 3 0.383
6 23 4 0.483
6 23 5 0.583
6 23 6 0.683
6 23 7 0.783
6 23 8 0.883
6 23 9 0.983
6 24 0 0.084
6 24 1 0.184
6 24 2 0.284
6 24 3 0.384
6 24 4 0.484
6 24 5 0.584
6 24 6 0.684
6 24 7 0.784
6 24 8 0.884
6 24 9 0.984
6 25 0 0.085
6 25 1 0.185
6 25 2 0.285
6 25 3 0.385
6 25 4 0.485
6 25 5 0.585
6 25 6 0.685
6 25 7 0.785
6 25 8 0.885
6 25 9 0.985
6 26 0 0.086
6 26 1 0.186
6 26 2 0.286
6 26 3 0.386
6 26 4 0.486
6 26 5 0.586
6 26 6 0.686
6 26 7 0.786
6 26 8 0.886
6 26 9 0.986
6 27 0 0.087
6 27 1 0.187
6 27 2 0.287
6 27 3 0.387
6 27 4 0.487
6 27 5 0.587
6 27 6 0.687
6 27 7 0.787
6 27 8 0.887
6 27 9 0.987
6 28 0 0.088
6 28 1 0.188
6 28 2 0.288
6 28 3 0.388
6 28 4 0.488
6 28 5 0.588
6 28 6 0.688
6 28 7 0.788
6 28 8 0.888
6 28 9 0.988
6 29 0 0.089
6 29 1 0.189
6 29 2 0.289
6 29 3 0.389
6 29 4 0.489
6 29 5 0.589
6 29 6 0.689
6 29 7 0.789
6 29 8 0.889
6 29 9 0.989
7 0 0 0.07
7 0 1 0.17
7 0 2 0.27
7 0 3 0.37
7 0 4 0.47
7 0 5 0.57
7 0 6 0.67
7 0 7 0.77
7 0 8 0.87
7 0 9 0.97
7 1 0 0.071
7 1 1 0.171
7 1 2 0.271
7 1 3 0.371
7 1 4 0.471
7 1 5 0.571
7 1 6 0.671
7 1 7 0.771
7 1 8 0.871
7 1 9 0.971
7 2 0 0.072
7 2 1 0.172
7 2 2 0.272
7 2 3 0.372
7 2 4 0.472
7 2 5 0.572
7 2 6 0.672
7 2 7 0.772
7 2 8 0.872
7 2 9 0.972
7 3 0 0.073
7 3 1 0.173
7 3 2 0.273
7 3 3 0.373
7 3 4 0.473
7 3 5 0.573
7 3 6 0.673
7 3 7 0.773
7 3 8 0.873
7 3 9 0.973
7 4 0 0.074
7 4 1 0.174
7 4 2 0.274
7 4 3 0.374
7 4 4 0.474
7 4 5 0.574
7 4 6 0.674
7 4 7 0.774
7 4 8 0.874
7 4 9 0.974
7 5 0 0.075
7 5 1 0.175
7 5 2 0.275
7 5 3 0.375
7 5 4 0.475
7 5 5 0.575
7 5 6 0.675
7 5 7 0.775
7 5 8 0.875
7 5 9 0.975
7 6 0 0.076
7 6 1 0.176
7 6 2 0.276
7 6 3 0.376
7 6 4 0.476
7 6 5 0.576
7 6 6 0.676
7 6 7 0.776
7 6 8 0.876
7 6 9 0.976
7 7 0 0.077
7 7 1 0.177
7 7 2 0.277
7 7 3 0.377
7 7 4 0.477
7 7 5 0.577
7 7 6 0.677
7 7 7 0.777
7 7 8 0.877
7 7 9 0.977
7 8 0 0.078
7 8 1 0.178
7 8 2 0.278
7 8 3 0.378
7 8 4 0.478
7 8 5 0.578
7 8 6 0.678
7 8 7 0.778
7 8 8 0.878
7 8 9 0.978
7 9 0 0.079
7 9 1 0.179
7 9 2 0.279
7 9 3 0.379
7 9 4 0.479
7 9 5 0.579
7 9 6 0.679
7 9 7 0.779
7 9 8 0.879
7 9 9 0.979
7 10 0 0.08
7 10 1 0.18
7 10 2 0.28
7 10 3 0.38
7 10 4 0.48
7 10 5 0.58
7 10 6 0.68
7 10 7 0.78
7 10 8 0.88
7 10 9 0.98
7 11 0 0.081
7 11 1 0.181
7 11 2 0.281
7 11 3 0.381
7 11 4 0.481
7 11 5 0.581
7 11 6 0.681
7 11 7 0.781
7 11 8 0.881
7 11 9 0.981
7 12 0 0.082
7 12 1 0.182
7 12 2 0.282
7 12 3 0.382
7 12 4 0.482
7 12 5 0.582
7 12 6 0.682
7 12 7 0.782
7 12 8 0.882
7 12 9 0.982
7 13 0 0.083
7 13 1 0.183
7 13 2 0.283
7 13 3 0.383
7 13 4 0.483
7 13 5 0.583
7 13 6 0.683
7 13 7 0.783
7 13 8 0.883
7 13 9 0.983
7 14 0 0.084
7 14 1 0.184
7 14 2 0.284
7 14 3 0.384
7 14 4 0.484
7 14 5 0.584
7 14 6 0.684
7 14 7 0.784
7 14 8 0.884
7 14 9 0.984
7 15 0 0.085
7 15 1 0.185
7 15 2 0.285
7 15 3 0.385
7 15 4 0.485
7 15 5 0.585
7 15 6 0.685
7 15 7 0.785
7 15 8 0.885
7 15 9 0.985
7 16 0 0.086
7 16 1 0.186
7 16 2 0.286
7 16 3 0.386
7 16 4 0.486
7 16 5 0.586
7 16 6 0.686
7 16 7 0.786
7 16 8 0.886
7 16 9 0.986
7 17 0 0.087
7 17 1 0.187
7 17 2 0.287
7 17 3 0.387
7 17 4 0.487
7 17 5 0.587
7 17 6 0.687
7 17 7 0.787
7 17 8 0.887
7 17 9 0.987
7 18 0 0.088
7 18 1 0.188
7 18 2 0.288
7 18 3 0.388
7 18 4 0.488
7 18 5 0.588
7 18 6 0.688
7 18 7 0.788
7 18 8 0.888
7 18 9 0.988
7 19 0 0.089
7 19 1 0.189
7 19 2 0.289
7 19 3 0.389
7 19 4 0.489
7 19 5 0.589
7 19 6 0.689
7 19 7 0.789
7 19 8 0.889
7 19 9 0.989
7 20 0 0.09
7 20 1 0.19
7 20 2 0.29
7 20 3 0.39
7 20 4 0.49
7 20 5 0.59
7 20 6 0.69
7 20 7 0.79
7 20 8 0.89
7 20 9 0.99
7 21 0 0.091
7 21 1 0.191
7 21 2 0.291
7 21 3 0.391
7 21 4 0.491
7 21 5 0.591
7 21 6 0.691
7 21 7 0.791
7 21 8 0.891
7 21 9 0.991
7 22 0 0.092
7 22 1 0.192
7 22 2 0.292
7 22 3 0.392
7 22 4 0.492
7 22 5 0.592
7 22 6 0.692
7 22 7 0.792
7 22 8 0.892
7 22 9 0.992
7 23 0 0.093
7 23 1 0.193
7 23 2 0.293
7 23 3 0.393
7 23 4 0.493
7 23 5 0.593
7 23 6 0.693
7 23 7 0.793
7 23 8 0.893
7 23 9 0.993
7 24 0 0.094
7 24 1 0.194
7 24 2 0.294
7 24 3 0.394
7 24 4 0.494
7 24 5 0.594
7 24 6 0.694
7 24 7 0.794
7 24 8 0.894
7 24 9 0.994
7 25 0 0.095
7 25 1 0.195
7 25 2 0.295
7 25 3 0.395
7 25 4 0.495
7 25 5 0.595
7 25 6 0.695
7 25 7 0.795
7 25 8 0.895
7 25 9 0.995
7 26 0 0.096
7 26 1 0.196
7 26 2 0.296
7 26 3 0.396
7 26 4 0.496
7 26 5 0.596
7 26 6 0.696
7 26 7 0.796
7 26 8 0.896
7 26 9 0.996
7 27 0 0.097
7 27 1 0.197
7 27 2 0.297
7 27 3 0.397
7 27 4 0.497
7 27 5 0.597
7 27 6 0.697
7 27 7 0.797
7 27 8 0.897
7 27 9 0.997
7 28 0 0.098
7 28 1 0.198
7 28 2 0.298
7 28 3 0.398
7 28 4 0.498
7 28 5 0.598
7 28 6 0.698
7 28 7 0.798
7 28 8 0.898
7 28 9 0.998
7 29 0 0.099
7 29 1 0.199
7 29 2 0.299
7 29 3 0.399
7 29 4 0.499
7 29 5 0.599
7 29 6 0.699
7 29 7 0.799
7 29 8 0.899
7 29 9 0.999
8 0 0 0.08
8 0 1 0.18
8 0 2 0.28
8 0 3 0.38
8 0 4 0.48
8 0 5 0.58
8 0 6 0.68
8 0 7 0.78
8 0 8 0.88
8 0 9 0.98
8 1 0 0.081
8 1 1 0.181
8 1 2 0.281
8 1 3 0.381
8 1 4 0.481
8 1 5 0.581
8 1 6 0.681
8 1 7 0.781
8 1 8 0.881
8 1 9 0.981
8 2 0 0.082
8 2 1 0.182
8 2 2 0.282
8 2 3 0.382
8 2 4 0.482
8 2 5 0.582
8 2 6 0.682
8 2 7 0.782
8 2 8 0.882
8 2 9 0.982
8 3 0 0.083
8 3 1 0.183
8 3 2 0.283
8 3 3 0.383
8 3 4 0.483
8 3 5 0.583
8 3 6 0.683
8 3 7 0.783
8 3 8 0.883
8 3 9 0.983
8 4 0 0.084
8 4 1 0.184
8 4 2 0.284
8 4 3 0.384
8 4 4 0.484
8 4 5 0.584
8 4 6 0.684
8 4 7 0.784
8 4 8 0.884
8 4 9 0.984
8 5 0 0.085
8 5 1 0.185
8 5 2 0.285
8 5 3 0.385
8 5 4 0.485
8 5 5 0.585
8 5 6 0.685
8 5 7 0.785
8 5 8 0.885
8 5 9 0.985
8 6 0 0.086
8 6 1 0.186
8 6 2 0.286
8 6 3 0.386
8 6 4 0.486
8 6 5 0.586
8 6 6 0.686
8 6 7 0.786
8 6 8 0.886
8 6 9 0.986
8 7 0 0.087
8 7 1 0.187
8 7 2 0.287
8 7 3 0.387
8 7 4 0.487
8 7 5 0.587
8 7 6 0.687
8 7 7 0.787
8 7 8 0.887
8 7 9 0.987
8 8 0 0.088
8 8 1 0.188
8 8 2 0.288
8 8 3 0.388
8 8 4 0.488
8 8 5 0.588
8 8 6 0.688
8 8 7 0.788
8 8 8 0.888
8 8 9 0.988
8 9 0 0.089
8 9 1 0.189
8 9 2 0.289
8 9 3 0.389
8 9 4 0.489
8 9 5 0.589
8 9 6 0.689
8 9 7 0.789
8 9 8 0.889
8 9 9 0.989
8 10 0 0.09
8 10 1 0.19
8 10 2 0.29
8 10 3 0.39
8 10 4 0.49
8 10 5 0.59
8 10 6 0.69
8 10 7 0.79
8 10 8 0.89
8 10 9 0.99
8 11 0 0.091
8 11 1 0.191
8 11 2 0.291
8 11 3 0.391
8 11 4 0.491
8 11 5 0.591
8 11 6 0.691
8 11 7 0.791
8 11 8 0.891
8 11 9 0.991
8 12 0 0.092
8 12 1 0.192
8 12 2 0.292
8 12 3 0.392
8 12 4 0.492
8 12 5 0.592
8 12 6 0.692
8 12 7 0.792
8 12 8 0.892
8 12 9 0.992
8 13 0 0.093
8 13 1 0.193
8 13 2 0.293
8 13 3 0.393
8 13 4 0.493
8 13 5 0.593
8 13 6 0.693
8 13 7 0.793
8 13 8 0.893
8 13 9 0.993
8 14 0 0.094
8 14 1 0.194
8 14 2 0.294
8 14 3 0.394
8 14 4 0.494
8 14 5 0.594
8 14 6 0.694
8 14 7 0.794
8 14 8 0.894
8 14 9 0.994
8 15 0 0.095
8 15 1 0.195
8 15 2 0.295
8 15 3 0.395
8 15 4 0.495
8 15 5 0.595
8 15 6 0.695
8 15 7 0.795
8 15 8 0.895
8 15 9 0.995
8 16 0 0.096
8 16 1 0.196
8 16 2 0.296
8 16 3 0.396
8 16 4 0.496
8 16 5 0.596
8 16 6 0.696
8 16 7 0.796
8 16 8 0.896
8 16 9 0.996
8 17 0 0.097
8 17 1 0.197
8 17 2 0.297
8 17 3 0.397
8 17 4 0.497
8 17 5 0.597
8 17 6 0.697
8 17 7 0.797
8 17 8 0.897
8 17 9 0.997
8 18 0 0.098
8 18 1 0.198
8 18 2 0.298
8 18 3 0.398
8 18 4 0.498
8 18 5 0.598
8 18 6 0.698
8 18 7 0.798
8 18 8 0.898
8 18 9 0.998
8 19 0 0.099
8 19 1 0.199
8 19 2 0.299
8 19 3 0.399
8 19 4 0.499
8 19 5 0.599
8 19 6 0.699
8 19 7 0.799
8 19 8 0.899
8 19 9 0.999
8 20 0 0.1
8 20 1 0.2
8 20 2 0.3
8 20 3 0.4
8 20 4 0.5
8 20 5 0.6
8 20 6 0.7
8 20 7 0.8
8 20 8 0.9
8 20 9 1
8 21 0 0.101
8 21 1 0.201
8 21 2 0.301
8 21 3 0.401
8 21 4 0.501
8 21 5 0.601
8 21 6 0.701
8 21 7 0.801
8 21 8 0.901
8 21 9 1.001
8 22 0 0.102
8 22 1 0.202
8 22 2 0.302
8 22 3 0.402
8 22 4 0.502
8 22 5 0.602
8 22 6 0.702
8 22 7 0.802
8 22 8 0.902
8 22 9 1.002
8 23 0 0.103
8 23 1 0.203
8 23 2 0.303
8 23 3 0.403
8 23 4 0.503
8 23 5 0.603
8 23 6 0.703
8 23 7 0.803
8 23 8 0.903
8 23 9 1.003
8 24 0 0.104
8 24 1 0.204
8 24 2 0.304
8 24 3 0.404
8 24 4 0.504
8 24 5 0.604
8 24 6 0.704
8 24 7 0.804
8 24 8 0.904
8 24 9 1.004
8 25 0 0.105
8 25 1 0.205
8 25 2 0.305
8 25 3 0.405
8 25 4 0.505
8 25 5 0.605
8 25 6 0.705
8 25 7 0.805
8 25 8 0.905
8 25 9 1.005
8 26 0 0.106
8 26 1 0.206
8 26 2 0.306
8 26 3 0.406
8 26 4 0.506
8 26 5 0.606
8 26 6 0.706
8 26 7 0.806
8 26 8 0.906
8 26 9 1.006
8 27 0 0.107
8 27 1 0.207
8 27 2 0.307
8 27 3 0.407
8 27 4 0.507
8 27 5 0.607
8 27 6 0.707
8 27 7 0.807
8 27 8 0.907
8 27 9 1.007
8 28 0 0.108
8 28 1 0.208
8 28 2 0.308
8 28 3 0.408
8 28 4 0.508
8 28 5 0.608
8 28 6 0.708
8 28 7 0.808
8 28 8 0.908
8 28 9 1.008
8 29 0 0.109
8 29 1 0.209
8 29 2 0.309
8 29 3 0.409
8 29 4 0.509
8 29 5 0.609
8 29 6 0.709
8 29 7 0.809
8 29 8 0.909
8 29 9 1.009
9 0 0 0.09
9 0 1 0.19
9 0 2 0.29
9 0 3 0.39
9 0 4 0.49
9 0 5 0.59
9 0 6 0.69
9 0 7 0.79
9 0 8 0.89
9 0 9 0.99
9 1 0 0.091
9 1 1 0.191
9 1 2 0.291
9 1 3 0.391
9 1 4 0.491
9 1 5 0.591
9 1 6 0.691
9 1 7 0.791
9 1 8 0.891
9 1 9 0.991
9 2 0 0.092
9 2 1 0.192
9 2 2 0.292
9 2 3 0.392
9 2 4 0.492
9 2 5 0.592
9 2 6 0.692
9 2 7 0.792
9 2 8 0.892
9 2 9 0.992
9 3 0 0.093
9 3 1 0.193
9 3 2 0.293
9 3 3 0.393
9 3 4 0.493
9 3 5 0.593
9 3 6 0.693
9 3 7 0.793
9 3 8 0.893
9 3 9 0.993
9 4 0 0.094
9 4 1 0.194
9 4 2 0.294
9 4 3 0.394
9 4 4 0.494
9 4 5 0.594
9 4 6 0.694
9 4 7 0.794
9 4 8 0.894
9 4 9 0.994
9 5 0 0.095
9 5 1 0.195
9 5 2 0.295
9 5 3 0.395
9 5 4 0.495
9 5 5 0.595
9 5 6 0.695
9 5 7 0.795
9 5 8 0.895
9 5 9 0.995
9 6 0 0.096
9 6 1 0.196
9 6 2 0.296
9 6 3 0.396
9 6 4 0.496
9 6 5 0.596
9 6 6 0.696
9 6 7 0.796
9 6 8 0.896
9 6 9 0.996
9 7 0 0.097
9 7 1 0.197
9 7 2 0.297
9 7 3 0.397
9 7 4 0.497
9 7 5 0.597
9 7 6 0.697
9 7 7 0.797
9 7 8 0.897
9 7 9 0.997
9 8 0 0.098
9 8 1 0.198
9 8 2 0.298
9 8 3 0.398
9 8 4 0.498
9 8 5 0.598
9 8 6 0.698
9 8 7 0.798
9 8 8 0.898
9 8 9 0.998
9 9 0 0.099
9 9 1 0.199
9 9 2 0.299
9 9 3 0.399
9 9 4 0.499
9 9 5 0.599
9 9 6 0.699
9 9 7 0.799
9 9 8 0.899
9 9 9 0.999
9 10 0 0.1
9 10 1 0.2
9 10 2 0.3
9 10 3 0.4
9 10 4 0.5
9 10 5 0.6
9 10 6 0.7
9 10 7 0.8
9 10 8 0.9
9 10 9 1
9 11 0 0.101
9 11 1 0.201
9 11 2 0.301
9 11 3 0.401
9 11 4 0.501
9 11 5 0.601
9 11 6 0.701
9 11 7 0.801
9 11 8 0.901
9 11 9 1.001
9 12 0 0.102
9 12 1 0.202
9 12 2 0.302
9 12 3 0.402
9 12 4 0.502
9 12 5 0.602
9 12 6 0.702
9 12 7 0.802
9 12 8 0.902
9 12 9 1.002
9 13 0 0.103
9 13 1 0.203
9 13 2 0.303
9 13 3 0.403
9 13 4 0.503
9 13 5 0.603
9 13 6 0.703
9 13 7 0.803
9 13 8 0.903
9 13 9 1.003
9 14 0 0.104
9 14 1 0.204
9 14 2 0.304
9 14 3 0.404
9 14 4 0.504
9 14 5 0.604
9 14 6 0.704
9 14 7 0.804
9 14 8 0.904
9 14 9 1.004
9 15 0 0.105
9 15 1 0.205
9 15 2 0.305
9 15 3 0.405
9 15 4 0.505
9 15 5 0.605
9 15 6 0.705
9 15 7 0.805
9 15 8 0.905
9 15 9 1.005
9 16 0 0.106
9 16 1 0.206
9 16 2 0.306
9 16 3 0.406
9 16 4 0.506
9 16 5 0.606
9 16 6 0.706
9 16 7 0.806
9 16 8 0.906
9 16 9 1.006
9 17 0 0.107
9 17 1 0.207
9 17 2 0.307
9 17 3 0.407
9 17 4 0.507
9 17 5 0.607
9 17 6 0.707
9 17 7 0.807
9 17 8 0.907
9 17 9 1.007
9 18 0 0.108
9 18 1 0.208
9 18 2 0.308
9 18 3 0.408
9 18 4 0.508
9 18 5 0.608
9 18 6 0.708
9 18 7 0.808
9 18 8 0.908
9 18 9 1.008
9 19 0 0.109
9 19 1 0.209
9 19 2 0.309
9 19 3 0.409
9 19 4 0.509
9 19 5 0.609
9 19 6 0.709
9 19 7 0.809
9 19 8 0.909
9 19 9 1.009
9 20 0 0.11
9 20 1 0.21
9 20 2 0.31
9 20 3 0.41
9 20 4 0.51
9 20 5 0.61
9 20 6 0.71
9 20 7 0.81
9 20 8 0.91
9 20 9 1.01
9 21 0 0.111
9 21 1 0.211
9 21 2 0.311
9 21 3 0.411
9 21 4 0.511
9 21 5 0.611
9 21 6 0.711
9 21 7 0.811
9 21 8 0.911
9 21 9 1.011
9 22 0 0.112
9 22 1 0.212
9 22 2 0.312
9 22 3 0.412
9 22 4 0.512
9 22 5 0.612
9 22 6 0.712
9 22 7 0.812
9 22 8 0.912
9 22 9 1.012
9 23 0 0.113
9 23 1 0.213
9 23 2 0.313
9 23 3 0.413
9 23 4 0.513
9 23 5 0.613
9 23 6 0.713
9 23 7 0.813
9 23 8 0.913
9 23 9 1.013
9 24 0 0.114
9 24 1 0.214
9 24 2 0.314
9 24 3 0.414
9 24 4 0.514
9 24 5 0.614
9 24 6 0.714
9 24 7 0.814
9 24 8 0.914
9 24 9 1.014
9 25 0 0.115
9 25 1 0.215
9 25 2 0.315
9 25 3 0.415
9 25 4 0.515
9 25 5 0.615
9 25 6 0.715
9 25 7 0.815
9 25 8 0.915
9 25 9 1.015
9 26 0 0.116
9 26 1 0.216
9 26 2 0.316
9 26 3 0.416
9 26 4 0.516
9 26 5 0.616
9 26 6 0.716
9 26 7 0.816
9 26 8 0.916
9 26 9 1.016
9 27 0 0.117
9 27 1 0.217
9 27 2 0.317
9 27 3 0.417
9 27 4 0.517
9 27 5 0.617
9 27 6 0.717
9 27 7 0.817
9 27 8 0.917
9 27 9 1.017
9 28 0 0.118
9 28 1 0.218
9 28 2 0.318
9 28 3 0.418
9 28 4 0.518
9 28 5 0.618
9 28 6 0.718
9 28 7 0.818
9 28 8 0.918
9 28 9 1.018
9 29 0 0.119
9 29 1 0.219
9 29 2 0.319
9 29 3 0.419
9 29 4 0.519
9 29 5 0.619
9 29 6 0.719
9 29 7 0.819
9 29 8 0.919
9 29 9 1.019
10 0 0 0.1
10 0 1 0.2
10 0 2 0.3
10 0 3 0.4
10 0 4 0.5
10 0 5 0.6
10 0 6 0.7
10 0 7 0.8
10 0 8 0.9
10 0 9 1
10 1 0 0.101
10 1 1 0.201
10 1 2 0.301
10 1 3 0.401
10 1 4 0.501
10 1 5 0.601
10 1 6 0.701
10 1 7 0.801
10 1 8 0.901
10 1 9 1.001
10 2 0 0.102
10 2 1 0.202
10 2 2 0.302
10 2 3 0.402
10 2 4 0.502
10 2 5 0.602
10 2 6 0.702
10 2 7 0.802
10 2 8 0.902
10 2 9 1.002
10 3 0 0.103
10 3 1 0.203
10 3 2 0.303
10 3 3 0.403
10 3 4 0.503
10 3 5 0.603
10 3 6 0.703
10 3 7 0.803
10 3 8 0.903
10 3 9 1.003
10 4 0 0.104
10 4 1 0.204
10 4 2 0.304
10 4 3 0.404
10 4 4 0.504
10 4 5 0.604
10 4 6 0.704
10 4 7 0.804
10 4 8 0.904
10 4 9 1.004
10 5 0 0.105
10 5 1 0.205
10 5 2 0.305
10 5 3 0.405
10 5 4 0.505
10 5 5 0.605
10 5 6 0.705
10 5 7 0.805
10 5 8 0.905
10 5 9 1.005
10 6 0 0.106
10 6 1 0.206
10 6 2 0.306
10 6 3 0.406
10 6 4 0.506
10 6 5 0.606
10 6 6 0.706
10 6 7 0.806
10 6 8 0.906
10 6 9 1.006
10 7 0 0.107
10 7 1 0.207
10 7 2 0.307
10 7 3 0.407
10 7 4 0.507
10 7 5 0.607
10 7 6 0.707
10 7 7 0.807
10 7 8 0.907
10 7 9 1.007
10 8 0 0.108
10 8 1 0.208
10 8 2 0.308
10 8 3 0.408
10 8 4 0.508
10 8 5 0.608
10 8 6 0.708
10 8 7 0.808
10 8 8 0.908
10 8 9 1.008
10 9 0 0.109
10 9 1 0.209
10 9 2 0.309
10 9 3 0.409
10 9 4 0.509
10 9 5 0.609
10 9 6 0.709
10 9 7 0.809
10 9 8 0.909
10 9 9 1.009
10 10 0 0.11
10 10 1 0.21
10 10 2 0.31
10 10 3 0.41
10 10 4 0.51
10 10 5 0.61
10 10 6 0.71
10 10 7 0.81
10 10 8 0.91
10 10 9 1.01
10 11 0 0.111
10 11 1 0.211
10 11 2 0.311
10 11 3 0.411
10 11 4 0.511
10 11 5 0.611
10 11 6 0.711
10 11 7 0.811
10 11 8 0.911
10 11 9 1.011
10 12 0 0.112
10 12 1 0.212
10 12 2 0.312
10 12 3 0.412
10 12 4 0.512
10 12 5 0.612
10 12 6 0.712
10 12 7 0.812
10 12 8 0.912
10 12 9 1.012
10 13 0 0.113
10 13 1 0.213
10 13 2 0.313
10 13 3 0.413
10 13 4 0.513
10 13 5 0.613
10 13 6 0.713
10 13 7 0.813
10 13 8 0.913
10 13 9 1.013
10 14 0 0.114
10 14 1 0.214
10 14 2 0.314
10 14 3 0.414
10 14 4 0.514
10 14 5 0.614
10 14 6 0.714
10 14 7 0.814
10 14 8 0.914
10 14 9 1.014
10 15 0 0.115
10 15 1 0.215
10 15 2 0.315
10 15 3 0.415
10 15 4 0.515
10 15 5 0.615
10 15 6 0.715
10 15 7 0.815
10 15 8 0.915
10 15 9 1.015
10 16 0 0.116
10 16 1 0.216
10 16 2 0.316
10 16 3 0.416
10 16 4 0.516
10 16 5 0.616
10 16 6 0.716
10 16 7 0.816
10 16 8 0.916
10 16 9 1.016
10 17 0 0.117
10 17 1 0.217
10 17 2 0.317
10 17 3 0.417
10 17 4 0.517
10 17 5 0.617
10 17 6 0.717
10 17 7 0.817
10 17 8 0.917
10 17 9 1.017
10 18 0 0.118
10 18 1 0.218
10 18 2 0.318
10 18 3 0.418
10 18 4 0.518
10 18 5 0.618
10 18 6 0.718
10 18 7 0.818
10 18 8 0.918
10 18 9 1.018
10 19 0 0.119
10 19 1 0.219
10 19 2 0.319
10 19 3 0.419
10 19 4 0.519
10 19 5 0.619
10 19 6 0.719
10 19 7 0.819
10 19 8 0.919
10 19 9 1.019
10 20 0 0.12
10 20 1 0.22
10 20 2 0.32
10 20 3 0.42
10 20 4 0.52
10 20 5 0.62
10 20 6 0.72
10 20 7 0.82
10 20 8 0.92
10 20 9 1.02
10 21 0 0.121
10 21 1 0.221
10 21 2 0.321
10 21 3 0.421
10 21 4 0.521
10 21 5 0.621
10 21 6 0.721
10 21 7 0.821
10 21 8 0.921
10 21 9 1.021
10 22 0 0.122
10 22 1 0.222
10 22 2 0.322
10 22 3 0.422
10 22 4 0.522
10 22 5 0.622
10 22 6 0.722
10 22 7 0.822
10 22 8 0.922
10 22 9 1.022
10 23 0 0.123
10 23 1 0.223
10 23 2 0.323
10 23 3 0.423
10 23 4 0.523
10 23 5 0.623
10 23 6 0.723
10 23 7 0.823
10 23 8 0.923
10 23 9 1.023
10 24 0 0.124
10 24 1 0.224
10 24 2 0.324
10 24 3 0.424
10 24 4 0.524
10 24 5 0.624
10 24 6 0.724
10 24 7 0.824
10 24 8 0.924
10 24 9 1.024
10 25 0 0.125
10 25 1 0.225
10 25 2 0.325
10 25 3 0.425
10 25 4 0.525
10 25 5 0.625
10 25 6 0.725
10 25 7 0.825
10 25 8 0.925
10 25 9 1.025
10 26 0 0.126
10 26 1 0.226
10 26 2 0.326
10 26 3 0.426
10 26 4 0.526
10 26 5 0.626
10 26 6 0.726
10 26 7 0.826
10 26 8 0.926
10 26 9 1.026
10 27 0 0.127
10 27 1 0.227
10 27 2 0.327
10 27 3 0.427
10 27 4 0.527
10 27 5 0.627
10 27 6 0.727
10 27 7 0.827
10 27 8 0.927
10 27 9 1.027
10 28 0 0.128
10 28 1 0.228
10 28 2 0.328
10 28 3 0.428
10 28 4 0.528
10 28 5 0.628
10 28 6 0.728
10 28 7 0.828
10 28 8 0.928
10 28 9 1.028
10 29 0 0.129
10 29 1 0.229
10 29 2 0.329
10 29 3 0.429
10 29 4 0.529
10 29 5 0.629
10 29 6 0.729
10 29 7 0.829
10 29 8 0.929
10 29 9 1.029
11 0 0 0.11
11 0 1 0.21
11 0 2 0.31
11 0 3 0.41
11 0 4 0.51
11 0 5 0.61
11 0 6 0.71
11 0 7 0.81
11 0 8 0.91
11 0 9 1.01
11 1 0 0.111
11 1 1 0.211
11 1 2 0.311
11 1 3 0.411
11 1 4 0.511
11 1 5 0.611
11 1 6 0.711
11 1 7 0.811
11 1 8 0.911
11 1 9 1.011
11 2 0 0.112
11 2 1 0.212
11 2 2 0.312
11 2 3 0.412
11 2 4 0.512
11 2 5 0.612
11 2 6 0.712
11 2 7 0.812
11 2 8 0.912
11 2 9 1.012
11 3 0 0.113
11 3 1 0.213
11 3 2 0.313
11 3 3 0.413
11 3 4 0.513
11 3 5 0.613
11 3 6 0.713
11 3 7 0.813
11 3 8 0.913
11 3 9 1.013
11 4 0 0.114
11 4 1 0.214
11 4 2 0.314
11 4 3 0.414
11 4 4 0.514
11 4 5 0.614
11 4 6 0.714
11 4 7 0.814
11 4 8 0.914
11 4 9 1.014
11 5 0 0.115
11 5 1 0.215
11 5 2 0.315
11 5 3 0.415
11 5 4 0.515
11 5 5 0.615
11 5 6 0.715
11 5 7 0.815
11 5 8 0.915
11 5 9 1.015
11 6 0 0.116
11 6 1 0.216
11 6 2 0.316
11 6 3 0.416
11 6 4 0.516
11 6 5 0.616
11 6 6 0.716
11 6 7 0.816
11 6 8 0.916
11 6 9 1.016
11 7 0 0.117
11 7 1 0.217
11 7 2 0.317
11 7 3 0.417
11 7 4 0.517
11 7 5 0.617
11 7 6 0.717
11 7 7 0.817
11 7 8 0.917
11 7 9 1.017
11 8 0 0.118
11 8 1 0.218
11 8 2 0.318
11 8 3 0.418
11 8 4 0.518
11 8 5 0.618
11 8 6 0.718
11 8 7 0.818
11 8 8 0.918
11 8 9 1.018
11 9 0 0.119
11 9 1 0.219
11 9 2 0.319
11 9 3 0.419
11 9 4 0.519
11 9 5 0.619
11 9 6 0.719
11 9 7 0.819
11 9 8 0.919
11 9 9 1.019
11 10 0 0.12
11 10 1 0.22
11 10 2 0.32
11 10 3 0.42
11 10 4 0.52
11 10 5 0.62
11 10 6 0.72
11 10 7 0.82
11 10 8 0.92
11 10 9 1.02
11 11 0 0.121
11 11 1 0.221
11 11 2 0.321
11 11 3 0.421
11 11 4 0.521
11 11 5 0.621
11 11 6 0.721
11 11 7 0.821
11 11 8 0.921
11 11 9 1.021
11 12 0 0.122
11 12 1 0.222
11 12 2 0.322
11 12 3 0.422
11 12 4 0.522
11 12 5 0.622
11 12 6 0.722
11 12 7 0.822
11 12 8 0.922
11 12 9 1.022
11 13 0 0.123
11 13 1 0.223
11 13 2 0.323
11 13 3 0.423
11 13 4 0.523
11 13 5 0.623
11 13 6 0.723
11 13 7 0.823
11 13 8 0.923
11 13 9 1.023
11 14 0 0.124
11 14 1 0.224
11 14 2 0.324
11 14 3 0.424
11 14 4 0.524
11 14 5 0.624
11 14 6 0.724
11 14 7 0.824
11 14 8 0.924
11 14 9 1.024
11 15 0 0.125
11 15 1 0.225
11 15 2 0.325
11 15 3 0.425
11 15 4 0.525
11 15 5 0.625
11 15 6 0.725
11 15 7 0.825
11 15 8 0.925
11 15 9 1.025
11 16 0 0.126
11 16 1 0.226
11 16 2 0.326
11 16 3 0.426
11 16 4 0.526
11 16 5 0.626
11 16 6 0.726
11 16 7 0.826
11 16 8 0.926
11 16 9 1.026
11 17 0 0.127
11 17 1 0.227
11 17 2 0.327
11 17 3 0.427
11 17 4 0.527
11 17 5 0.627
11 17 6 0.727
11 17 7 0.827
11 17 8 0.927
11 17 9 1.027
11 18 0 0.128
11 18 1 0.228
11 18 2 0.328
11 18 3 0.428
11 18 4 0.528
11 18 5 0.628
11 18 6 0.728
11 18 7 0.828
11 18 8 0.928
11 18 9 1.028
11 19 0 0.129
11 19 1 0.229
11 19 2 0.329
11 19 3 0.429
11 19 4 0.529
11 19 5 0.629
11 19 6 0.729
11 19 7 0.829
11 19 8 0.929
11 19 9 1.029
11 20 0 0.13
11 20 1 0.23
11 20 2 0.33
11 20 3 0.43
11 20 4 0.53
11 20 5 0.63
11 20 6 0.73
11 20 7 0.83
11 20 8 0.93
11 20 9 1.03
11 21 0 0.131
11 21 1 0.231
11 21 2 0.331
11 21 3 0.431
11 21 4 0.531
11 21 5 0.631
11 21 6 0.731
11 21 7 0.831
11 21 8 0.931
11 21 9 1.031
11 22 0 0.132
11 22 1 0.232
11 22 2 0.332
11 22 3 0.432
11 22 4 0.532
11 22 5 0.632
11 22 6 0.732
11 22 7 0.832
11 22 8 0.932
11 22 9 1.032
11 23 0 0.133
11 23 1 0.233
11 23 2 0.333
11 23 3 0.433
11 23 4 0.533
11 23 5 0.633
11 23 6 0.733
11 23 7 0.833
11 23 8 0.933
11 23 9 1.033
11 24 0 0.134
11 24 1 0.234
11 24 2 0.334
11 24 3 0.434
11 24 4 0.534
11 24 5 0.634
11 24 6 0.734
11 24 7 0.834
11 24 8 0.934
11 24 9 1.034
11 25 0 0.135
11 25 1 0.235
11 25 2 0.335
11 25 3 0.435
11 25 4 0.535
11 25 5 0.635
11 25 6 0.735
11 25 7 0.835
11 25 8 0.935
11 25 9 1.035
11 26 0 0.136
11 26 1 0.236
11 26 2 0.336
11 26 3 0.436
11 26 4 0.536
11 26 5 0.636
11 26 6 0.736
11 26 7 0.836
11 26 8 0.936
11 26 9 1.036
11 27 0 0.137
11 27 1 0.237
11 27 2 0.337
11 27 3 0.437
11 27 4 0.537
11 27 5 0.637
11 27 6 0.737
11 27 7 0.837
11 27 8 0.937
11 27 9 1.037
11 28 0 0.138
11 28 1 0.238
11 28 2 0.338
11 28 3 0.438
11 28 4 0.538
11 28 5 0.638
11 28 6 0.738
11 28 7 0.838
11 28 8 0.938
11 28 9 1.038
11 29 0 0.139
11 29 1 0.239
11 29 2 0.339
11 29 3 0.439
11 29 4 0.539
11 29 5 0.639
11 29 6 0.739
11 29 7 0.839
11 29 8 0.939
11 29 9 1.039
12 0 0 0.12
12 0 1 0.22
12 0 2 0.32
12 0 3 0.42
12 0 4 0.52
12 0 5 0.62
12 0 6 0.72
12 0 7 0.82
12 0 8 0.92
12 0 9 1.02
12 1 0 0.121
12 1 1 0.221
12 1 2 0.321
12 1 3 0.421
12 1 4 0.521
12 1 5 0.621
12 1 6 0.721
12 1 7 0.821
12 1 8 0.921
12 1 9 1.021
12 2 0 0.122
12 2 1 0.222
12 2 2 0.322
12 2 3 0.422
12 2 4 0.522
12 2 5 0.622
12 2 6 0.722
12 2 7 0.822
12 2 8 0.922
12 2 9 1.022
12 3 0 0.123
12 3 1 0.223
12 3 2 0.323
12 3 3 0.423
12 3 4 0.523
12 3 5 0.623
12 3 6 0.723
12 3 7 0.823
12 3 8 0.923
12 3 9 1.023
12 4 0 0.124
12 4 1 0.224
12 4 2 0.324
12 4 3 0.424
12 4 4 0.524
12 4 5 0.624
12 4 6 0.724
12 4 7 0.824
12 4 8 0.924
12 4 9 1.024
12 5 0 0.125
12 5 1 0.225
12 5 2 0.325
12 5 3 0.425
12 5 4 0.525
12 5 5 0.625
12 5 6 0.725
12 5 7 0.825
12 5 8 0.925
12 5 9 1.025
12 6 0 0.126
12 6 1 0.226
12 6 2 0.326
12 6 3 0.426
12 6 4 0.526
12 6 5 0.626
12 6 6 0.726
12 6 7 0.826
12 6 8 0.926
12 6 9 1.026
12 7 0 0.127
12 7 1 0.227
12 7 2 0.327
12 7 3 0.427
12 7 4 0.527
12 7 5 0.627
12 7 6 0.727
12 7 7 0.827
12 7 8 0.927
12 7 9 1.027
12 8 0 0.128
12 8 1 0.228
12 8 2 0.328
12 8 3 0.428
12 8 4 0.528
12 8 5 0.628
12 8 6 0.728
12 8 7 0.828
12 8 8 0.928
12 8 9 1.028
12 9 0 0.129
12 9 1 0.229
12 9 2 0.329
12 9 3 0.429
12 9 4 0.529
12 9 5 0.629
12 9 6 0.729
12 9 7 0.829
12 9 8 0.929
12 9 9 1.029
12 10 0 0.13
12 10 1 0.23
12 10 2 0.33
12 10 3 0.43
12 10 4 0.53
12 10 5 0.63
12 10 6 0.73
12 10 7 0.83
12 10 8 0.93
12 10 9 1.03
12 11 0 0.131
12 11 1 0.231
12 11 2 0.331
12 11 3 0.431
12 11 4 0.531
12 11 5 0.631
12 11 6 0.731
12 11 7 0.831
12 11 8 0.931
12 11 9 1.031
12 12 0 0.132
12 12 1 0.232
12 12 2 0.332
12 12 3 0.432
12 12 4 0.532
12 12 5 0.632
12 12 6 0.732
12 12 7 0.832
12 12 8 0.932
12 12 9 1.032
12 13 0 0.133
12 13 1 0.233
12 13 2 0.333
12 13 3 0.433
12 13 4 0.533
12 13 5 0.633
12 13 6 0.733
12 13 7 0.833
12 13 8 0.933
12 13 9 1.033
12 14 0 0.134
12 14 1 0.234
12 14 2 0.334
12 14 3 0.434
12 14 4 0.534
12 14 5 0.634
12 14 6 0.734
12 14 7 0.834
12 14 8 0.934
12 14 9 1.034
12 15 0 0.135
12 15 1 0.235
12 15 2 0.335
12 15 3 0.435
12 15 4 0.535
12 15 5 0.635
12 15 6 0.735
12 15 7 0.835
12 15 8 0.935
12 15 9 1.035
12 16 0 0.136
12 16 1 0.236
12 16 2 0.336
12 16 3 0.436
12 16 4 0.536
12 16 5 0.636
12 16 6 0.736
12 16 7 0.836
12 16 8 0.936
12 16 9 1.036
12 17 0 0.137
12 17 1 0.237
12 17 2 0.337
12 17 3 0.437
12 17 4 0.537
12 17 5 0.637
12 17 6 0.737
12 17 7 0.837
12 17 8 0.937
12 17 9 1.037
12 18 0 0.138
12 18 1 0.238
12 18 2 0.338
12 18 3 0.438
12 18 4 0.538
12 18 5 0.638
12 18 6 0.738
12 18 7 0.838
12 18 8 0.938
12 18 9 1.038
12 19 0 0.139
12 19 1 0.239
12 19 2 0.339
12 19 3 0.439
12 19 4 0.539
12 19 5 0.639
12 19 6 0.739
12 19 7 0.839
12 19 8 0.939
12 19 9 1.039
12 20 0 0.14
12 20 1 0.24
12 20 2 0.34
12 20 3 0.44
12 20 4 0.54
12 20 5 0.64
12 20 6 0.74
12 20 7 0.84
12 20 8 0.94
12 20 9 1.04
12 21 0 0.141
12 21 1 0.241
12 21 2 0.341
12 21 3 0.441
12 21 4 0.541
12 21 5 0.641
12 21 6 0.741
12 21 7 0.841
12 21 8 0.941
12 21 9 1.041
12 22 0 0.142
12 22 1 0.242
12 22 2 0.342
12 22 3 0.442
12 22 4 0.542
12 22 5 0.642
12 22 6 0.742
12 22 7 0.842
12 22 8 0.942
12 22 9 1.042
12 23 0 0.143
12 23 1 0.243
12 23 2 0.343
12 23 3 0.443
12 23 4 0.543
12 23 5 0.643
12 23 6 0.743
12 23 7 0.843
12 23 8 0.943
12 23 9 1.043
12 24 0 0.144
12 24 1 0.244
12 24 2 0.344
12 24 3 0.444
12 24 4 0.544
12 24 5 0.644
12 24 6 0.744
12 24 7 0.844
12 24 8 0.944
12 24 9 1.044
12 25 0 0.145
12 25 1 0.245
12 25 2 0.345
12 25 3 0.445
12 25 4 0.545
12 25 5 0.645
12 25 6 0.745
12 25 7 0.845
12 25 8 0.945
12 25 9 1.045
12 26 0 0.146
12 26 1 0.246
12 26 2 0.346
12 26 3 0.446
12 26 4 0.546
12 26 5 0.646
12 26 6 0.746
12 26 7 0.846
12 26 8 0.946
12 26 9 1.046
12 27 0 0.147
12 27 1 0.247
12 27 2 0.347
12 27 3 0.447
12 27 4 0.547
12 27 5 0.647
12 27 6 0.747
12 27 7 0.847
12 27 8 0.947
12 27 9 1.047
12 28 0 0.148
12 28 1 0.248
12 28 2 0.348
12 28 3 0.448
12 28 4 0.548
12 28 5 0.648
12 28 6 0.748
12 28 7 0.848
12 28 8 0.948
12 28 9 1.048
12 29 0 0.149
12 29 1 0.249
12 29 2 0.349
12 29 3 0.449
12 29 4 0.549
12 29 5 0.649
12 29 6 0.749
12 29 7 0.849
12 29 8 0.949
12 29 9 1.049
13 0 0 0.13
13 0 1 0.23
13 0 2 0.33
13 0 3 0.43
13 0 4 0.53
13 0 5 0.63
13 0 6 0.73
13 0 7 0.83
13 0 8 0.93
13 0 9 1.03
13 1 0 0.131
13 1 1 0.231
13 1 2 0.331
13 1 3 0.431
13 1 4 0.531
13 1 5 0.631
13 1 6 0.731
13 1 7 0.831
13 1 8 0.931
13 1 9 1.031
13 2 0 0.132
13 2 1 0.232
13 2 2 0.332
13 2 3 0.432
13 2 4 0.532
13 2 5 0.632
13 2 6 0.732
13 2 7 0.832
13 2 8 0.932
13 2 9 1.032
13 3 0 0.133
13 3 1 0.233
13 3 2 0.333
13 3 3 0.433
13 3 4 0.533
13 3 5 0.633
13 3 6 0.733
13 3 7 0.833
13 3 8 0.933
13 3 9 1.033
13 4 0 0.134
13 4 1 0.234
13 4 2 0.334
13 4 3 0.434
13 4 4 0.534
13 4 5 0.634
13 4 6 0.734
13 4 7 0.834
13 4 8 0.934
13 4 9 1.034
13 5 0 0.135
13 5 1 0.235
13 5 2 0.335
13 5 3 0.435
13 5 4 0.535
13 5 5 0.635
13 5 6 0.735
13 5 7 0.835
13 5 8 0.935
13 5 9 1.035
13 6 0 0.136
13 6 1 0.236
13 6 2 0.336
13 6 3 0.436
13 6 4 0.536
13 6 5 0.636
13 6 6 0.736
13 6 7 0.836
13 6 8 0.936
13 6 9 1.036
13 7 0 0.137
13 7 1 0.237
13 7 2 0.337
13 7 3 0.437
13 7 4 0.537
13 7 5 0.637
13 7 6 0.737
13 7 7 0.837
13 7 8 0.937
13 7 9 1.037
13 8 0 0.138
13 8 1 0.238
13 8 2 0.338
13 8 3 0.438
13 8 4 0.538
13 8 5 0.638
13 8 6 0.738
13 8 7 0.838
13 8 8 0.938
13 8 9 1.038
13 9 0 0.139
13 9 1 0.239
13 9 2 0.339
13 9 3 0.439
13 9 4 0.539
13 9 5 0.639
13 9 6 0.739
13 9 7 0.839
13 9 8 0.939
13 9 9 1.039
13 10 0 0.14
13 10 1 0.24
13 10 2 0.34
13 10 3 0.44
13 10 4 0.54
13 10 5 0.64
13 10 6 0.74
13 10 7 0.84
13 10 8 0.94
13 10 9 1.04
13 11 0 0.141
13 11 1 0.241
13 11 2 0.341
13 11 3 0.441
13 11 4 0.541
13 11 5 0.641
13 11 6 0.741
13 11 7 0.841
13 11 8 0.941
13 11 9 1.041
13 12 0 0.142
13 12 1 0.242
13 12 2 0.342
13 12 3 0.442
13 12 4 0.542
13 12 5 0.642
13 12 6 0.742
13 12 7 0.842
13 12 8 0.942
13 12 9 1.042
13 13 0 0.143
13 13 1 0.243
13 13 2 0.343
13 13 3 0.443
13 13 4 0.543
13 13 5 0.643
13 13 6 0.743
13 13 7 0.843
13 13 8 0.943
13 13 9 1.043
13 14 0 0.144
13 14 1 0.244
13 14 2 0.344
13 14 3 0.444
13 14 4 0.544
13 14 5 0.644
13 14 6 0.744
13 14 7 0.844
13 14 8 0.944
13 14 9 1.044
13 15 0 0.145
13 15 1 0.245
13 15 2 0.345
13 15 3 0.445
13 15 4 0.545
13 15 5 0.645
13 15 6 0.745
13 15 7 0.845
13 15 8 0.945
13 15 9 1.045
13 16 0 0.146
13 16 1 0.246
13 16 2 0.346
13 16 3 0.446
13 16 4 0.546
13 16 5 0.646
13 16 6 0.746
13 16 7 0.846
13 16 8 0.946
13 16 9 1.046
13 17 0 0.147
13 17 1 0.247
13 17 2 0.347
13 17 3 0.447
13 17 4 0.547
13 17 5 0.647
13 17 6 0.747
13 17 7 0.847
13 17 8 0.947
13 17 9 1.047
13 18 0 0.148
13 18 1 0.248
13 18 2 0.348
13 18 3 0.448
13 18 4 0.548
13 18 5 0.648
13 18 6 0.748
13 18 7 0.848
13 18 8 0.948
13 18 9 1.048
13 19 0 0.149
13 19 1 0.249
13 19 2 0.349
13 19 3 0.449
13 19 4 0.549
13 19 5 0.649
13 19 6 0.749
13 19 7 0.849
13 19 8 0.949
13 19 9 1.049
13 20 0 0.15
13 20 1 0.25
13 20 2 0.35
13 20 3 0.45
13 20 4 0.55
13 20 5 0.65
13 20 6 0.75
13 20 7 0.85
13 20 8 0.95
13 20 9 1.05
13 21 0 0.151
13 21 1 0.251
13 21 2 0.351
13 21 3 0.451
13 21 4 0.551
13 21 5 0.651
13 21 6 0.751
13 21 7 0.851
13 21 8 0.951
13 21 9 1.051
13 22 0 0.152
13 22 1 0.252
13 22 2 0.352
13 22 3 0.452
13 22 4 0.552
13 22 5 0.652
13 22 6 0.752
13 22 7 0.852
13 22 8 0.952
13 22 9 1.052
13 23 0 0.153
13 23 1 0.253
13 23 2 0.353
13 23 3 0.453
13 23 4 0.553
13 23 5 0.653
13 23 6 0.753
13 23 7 0.853
13 23 8 0.953
13 23 9 1.053
13 24 0 0.154
13 24 1 0.254
13 24 2 0.354
13 24 3 0.454
13 24 4 0.554
13 24 5 0.654
13 24 6 0.754
13 24 7 0.854
13 24 8 0.954
13 24 9 1.054
13 25 0 0.155
13 25 1 0.255
13 25 2 0.355
13 25 3 0.455
13 25 4 0.555
13 25 5 0.655
13 25 6 0.755
13 25 7 0.855
13 25 8 0.955
13 25 9 1.055
13 26 0 0.156
13 26 1 0.256
13 26 2 0.356
13 26 3 0.456
13 26 4 0.556
13 26 5 0.656
13 26 6 0.756
13 26 7 0.856
13 26 8 0.956
13 26 9 1.056
13 27 0 0.157
13 27 1 0.257
13 27 2 0.357
13 27 3 0.457
13 27 4 0.557
13 27 5 0.657
13 27 6 0.757
13 27 7 0.857
13 27 8 0.957
13 27 9 1.057
13 28 0 0.158
13 28 1 0.258
13 28 2 0.358
13 28 3 0.458
13 28 4 0.558
13 28 5 0.658
13 28 6 0.758
13 28 7 0.858
13 28 8 0.958
13 28 9 1.058
13 29 0 0.159
13 29 1 0.259
13 29 2 0.359
13 29 3 0.459
13 29 4 0.559
13 29 5 0.659
13 29 6 0.759
13 29 7 0.859
13 29 8 0.959
13 29 9 1.059
14 0 0 0.14
14 0 1 0.24
14 0 2 0.34
14 0 3 0.44
14 0 4 0.54
14 0 5 0.64
14 0 6 0.74
14 0 7 0.84
14 0 8 0.94
14 0 9 1.04
14 1 0 0.141
14 1 1 0.241
14 1 2 0.341
14 1 3 0.441
14 1 4 0.541
14 1 5 0.641
14 1 6 0.741
14 1 7 0.841
14 1 8 0.941
14 1 9 1.041
14 2 0 0.142
14 2 1 0.242
14 2 2 0.342
14 2 3 0.442
14 2 4 0.542
14 2 5 0.642
14 2 6 0.742
14 2 7 0.842
14 2 8 0.942
14 2 9 1.042
14 3 0 0.143
14 3 1 0.243
14 3 2 0.343
14 3 3 0.443
14 3 4 0.543
14 3 5 0.643
14 3 6 0.743
14 3 7 0.843
14 3 8 0.943
14 3 9 1.043
14 4 0 0.144
14 4 1 0.244
14 4 2 0.344
14 4 3 0.444
14 4 4 0.544
14 4 5 0.644
14 4 6 0.744
14 4 7 0.844
14 4 8 0.944
14 4 9 1.044
14 5 0 0.145
14 5 1 0.245
14 5 2 0.345
14 5 3 0.445
14 5 4 0.545
14 5 5 0.645
14 5 6 0.745
14 5 7 0.845
14 5 8 0.945
14 5 9 1.045
14 6 0 0.146
14 6 1 0.246
14 6 2 0.346
14 6 3 0.446
14 6 4 0.546
14 6 5 0.646
14 6 6 0.746
14 6 7 0.846
14 6 8 0.946
14 6 9 1.046
14 7 0 0.147
14 7 1 0.247
14 7 2 0.347
14 7 3 0.447
14 7 4 0.547
14 7 5 0.647
14 7 6 0.747
14 7 7 0.847
14 7 8 0.947
14 7 9 1.047
14 8 0 0.148
14 8 1 0.248
14 8 2 0.348
14 8 3 0.448
14 8 4 0.548
14 8 5 0.648
14 8 6 0.748
14 8 7 0.848
14 8 8 0.948
14 8 9 1.048
14 9 0 0.149
14 9 1 0.249
14 9 2 0.349
14 9 3 0.449
14 9 4 0.549
14 9 5 0.649
14 9 6 0.749
14 9 7 0.849
14 9 8 0.949
14 9 9 1.049
14 10 0 0.15
14 10 1 0.25
14 10 2 0.35
14 10 3 0.45
14 10 4 0.55
14 10 5 0.65
14 10 6 0.75
14 10 7 0.85
14 10 8 0.95
14 10 9 1.05
14 11 0 0.151
14 11 1 0.251
14 11 2 0.351
14 11 3 0.451
14 11 4 0.551
14 11 5 0.651
14 11 6 0.751
14 11 7 0.851
14 11 8 0.951
14 11 9 1.051
14 12 0 0.152
14 12 1 0.252
14 12 2 0.352
14 12 3 0.452
14 12 4 0.552
14 12 5 0.652
14 12 6 0.752
14 12 7 0.852
14 12 8 0.952
14 12 9 1.052
14 13 0 0.153
14 13 1 0.253
14 13 2 0.353
14 13 3 0.453
14 13 4 0.553
14 13 5 0.653
14 13 6 0.753
14 13 7 0.853
14 13 8 0.953
14 13 9 1.053
14 14 0 0.154
14 14 1 0.254
14 14 2 0.354
14 14 3 0.454
14 14 4 0.554
14 14 5 0.654
14 14 6 0.754
14 14 7 0.854
14 14 8 0.954
14 14 9 1.054
14 15 0 0.155
14 15 1 0.255
14 15 2 0.355
14 15 3 0.455
14 15 4 0.555
14 15 5 0.655
14 15 6 0.755
14 15 7 0.855
14 15 8 0.955
14 15 9 1.055
14 16 0 0.156
14 16 1 0.256
14 16 2 0.356
14 16 3 0.456
14 16 4 0.556
14 16 5 0.656
14 16 6 0.756
14 16 7 0.856
14 16 8 0.956
14 16 9 1.056
14 17 0 0.157
14 17 1 0.257
14 17 2 0.357
14 17 3 0.457
14 17 4 0.557
14 17 5 0.657
14 17 6 0.757
14 17 7 0.857
14 17 8 0.957
14 17 9 1.057
14 18 0 0.158
14 18 1 0.258
14 18 2 0.358
14 18 3 0.458
14 18 4 0.558
14 18 5 0.658
14 18 6 0.758
14 18 7 0.858
14 18 8 0.958
14 18 9 1.058
14 19 0 0.159
14 19 1 0.259
14 19 2 0.359
14 19 3 0.459
14 19 4 0.559
14 19 5 0.659
14 19 6 0.759
14 19 7 0.859
14 19 8 0.959
14 19 9 1.059
14 20 0 0.16
14 20 1 0.26
14 20 2 0.36
14 20 3 0.46
14 20 4 0.56
14 20 5 0.66
14 20 6 0.76
14 20 7 0.86
14 20 8 0.96
14 20 9 1.06
14 21 0 0.161
14 21 1 0.261
14 21 2 0.361
14 21 3 0.461
14 21 4 0.561
14 21 5 0.661
14 21 6 0.761
14 21 7 0.861
14 21 8 0.961
14 21 9 1.061
14 22 0 0.162
14 22 1 0.262
14 22 2 0.362
14 22 3 0.462
14 22 4 0.562
14 22 5 0.662
14 22 6 0.762
14 22 7 0.862
14 22 8 0.962
14 22 9 1.062
14 23 0 0.163
14 23 1 0.263
14 23 2 0.363
14 23 3 0.463
14 23 4 0.563
14 23 5 0.663
14 23 6 0.763
14 23 7 0.863
14 23 8 0.963
14 23 9 1.063
14 24 0 0.164
14 24 1 0.264
14 24 2 0.364
14 24 3 0.464
14 24 4 0.564
14 24 5 0.664
14 24 6 0.764
14 24 7 0.864
14 24 8 0.964
14 24 9 1.064
14 25 0 0.165
14 25 1 0.265
14 25 2 0.365
14 25 3 0.465
14 25 4 0.565
14 25 5 0.665
14 25 6 0.765
14 25 7 0.865
14 25 8 0.965
14 25 9 1.065
14 26 0 0.166
14 26 1 0.266
14 26 2 0.366
14 26 3 0.466
14 26 4 0.566
14 26 5 0.666
14 26 6 0.766
14 26 7 0.866
14 26 8 0.966
14 26 9 1.066
14 27 0 0.167
14 27 1 0.267
14 27 2 0.367
14 27 3 0.467
14 27 4 0.567
14 27 5 0.667
14 27 6 0.767
14 27 7 0.867
14 27 8 0.967
14 27 9 1.067
14 28 0 0.168
14 28 1 0.268
14 28 2 0.368
14 28 3 0.468
14 28 4 0.568
14 28 5 0.668
14 28 6 0.768
14 28 7 0.868
14 28 8 0.968
14 28 9 1.068
14 29 0 0.169
14 29 1 0.269
14 29 2 0.369
14 29 3 0.469
14 29 4 0.569
14 29 5 0.669
14 29 6 0.769
14 29 7 0.869
14 29 8 0.969
14 29 9 1.069
15 0 0 0.15
15 0 1 0.25
15 0 2 0.35
15 0 3 0.45
15 0 4 0.55
15 0 5 0.65
15 0 6 0.75
15 0 7 0.85
15 0 8 0.95
15 0 9 1.05
15 1 0 0.151
15 1 1 0.251
15 1 2 0.351
15 1 3 0.451
15 1 4 0.551
15 1 5 0.651
15 1 6 0.751
15 1 7 0.851
15 1 8 0.951
15 1 9 1.051
15 2 0 0.152
15 2 1 0.252
15 2 2 0.352
15 2 3 0.452
15 2 4 0.552
15 2 5 0.652
15 2 6 0.752
15 2 7 0.852
15 2 8 0.952
15 2 9 1.052
15 3 0 0.153
15 3 1 0.253
15 3 2 0.353
15 3 3 0.453
15 3 4 0.553
15 3 5 0.653
15 3 6 0.753
15 3 7 0.853
15 3 8 0.953
15 3 9 1.053
15 4 0 0.154
15 4 1 0.254
15 4 2 0.354
15 4 3 0.454
15 4 4 0.554
15 4 5 0.654
15 4 6 0.754
15 4 7 0.854
15 4 8 0.954
15 4 9 1.054
15 5 0 0.155
15 5 1 0.255
15 5 2 0.355
15 5 3 0.455
15 5 4 0.555
15 5 5 0.655
15 5 6 0.755
15 5 7 0.855
15 5 8 0.955
15 5 9 1.055
15 6 0 0.156
15 6 1 0.256
15 6 2 0.356
15 6 3 0.456
15 6 4 0.556
15 6 5 0.656
15 6 6 0.756
15 6 7 0.856
15 6 8 0.956
15 6 9 1.056
15 7 0 0.157
15 7 1 0.257
15 7 2 0.357
15 7 3 0.457
15 7 4 0.557
15 7 5 0.657
15 7 6 0.757
15 7 7 0.857
15 7 8 0.957
15 7 9 1.057
15 8 0 0.158
15 8 1 0.258
15 8 2 0.358
15 8 3 0.458
15 8 4 0.558
15 8 5 0.658
15 8 6 0.758
15 8 7 0.858
15 8 8 0.958
15 8 9 1.058
15 9 0 0.159
15 9 1 0.259
15 9 2 0.359
15 9 3 0.459
15 9 4 0.559
15 9 5 0.659
15 9 6 0.759
15 9 7 0.859
15 9 8 0.959
15 9 9 1.059
15 10 0 0.16
15 10 1 0.26
15 10 2 0.36
15 10 3 0.46
15 10 4 0.56
15 10 5 0.66
15 10 6 0.76
15 10 7 0.86
15 10 8 0.96
15 10 9 1.06
15 11 0 0.161
15 11 1 0.261
15 11 2 0.361
15 11 3 0.461
15 11 4 0.561
15 11 5 0.661
15 11 6 0.761
15 11 7 0.861
15 11 8 0.961
15 11 9 1.061
15 12 0 0.162
15 12 1 0.262
15 12 2 0.362
15 12 3 0.462
15 12 4 0.562
15 12 5 0.662
15 12 6 0.762
15 12 7 0.862
15 12 8 0.962
15 12 9 1.062
15 13 0 0.163
15 13 1 0.263
15 13 2 0.363
15 13 3 0.463
15 13 4 0.563
15 13 5 0.663
15 13 6 0.763
15 13 7 0.863
15 13 8 0.963
15 13 9 1.063
15 14 0 0.164
15 14 1 0.264
15 14 2 0.364
15 14 3 0.464
15 14 4 0.564
15 14 5 0.664
15 14 6 0.764
15 14 7 0.864
15 14 8 0.964
15 14 9 1.064
15 15 0 0.165
15 15 1 0.265
15 15 2 0.365
15 15 3 0.465
15 15 4 0.565
15 15 5 0.665
15 15 6 0.765
15 15 7 0.865
15 15 8 0.965
15 15 9 1.065
15 16 0 0.166
15 16 1 0.266
15 16 2 0.366
15 16 3 0.466
15 16 4 0.566
15 16 5 0.666
15 16 6 0.766
15 16 7 0.866
15 16 8 0.966
15 16 9 1.066
15 17 0 0.167
15 17 1 0.267
15 17 2 0.367
15 17 3 0.467
15 17 4 0.567
15 17 5 0.667
15 17 6 0.767
15 17 7 0.867
15 17 8 0.967
15 17 9 1.067
15 18 0 0.168
15 18 1 0.268
15 18 2 0.368
15 18 3 0.468
15 18 4 0.568
15 18 5 0.668
15 18 6 0.768
15 18 7 0.868
15 18 8 0.968
15 18 9 1.068
15 19 0 0.169
15 19 1 0.269
15 19 2 0.369
15 19 3 0.469
15 19 4 0.569
15 19 5 0.669
15 19 6 0.769
15 19 7 0.869
15 19 8 0.969
15 19 9 1.069
15 20 0 0.17
15 20 1 0.27
15 20 2 0.37
15 20 3 0.47
15 20 4 0.57
15 20 5 0.67
15 20 6 0.77
15 20 7 0.87
15 20 8 0.97
15 20 9 1.07
15 21 0 0.171
15 21 1 0.271
15 21 2 0.371
15 21 3 0.471
15 21 4 0.571
15 21 5 0.671
15 21 6 0.771
15 21 7 0.871
15 21 8 0.971
15 21 9 1.071
15 22 0 0.172
15 22 1 0.272
15 22 2 0.372
15 22 3 0.472
15 22 4 0.572
15 22 5 0.672
15 22 6 0.772
15 22 7 0.872
15 22 8 0.972
15 22 9 1.072
15 23 0 0.173
15 23 1 0.273
15 23 2 0.373
15 23 3 0.473
15 23 4 0.573
15 23 5 0.673
15 23 6 0.773
15 23 7 0.873
15 23 8 0.973
15 23 9 1.073
15 24 0 0.174
15 24 1 0.274
15 24 2 0.374
15 24 3 0.474
15 24 4 0.574
15 24 5 0.674
15 24 6 0.774
15 24 7 0.874
15 24 8 0.974
15 24 9 1.074
15 25 0 0.175
15 25 1 0.275
15 25 2 0.375
15 25 3 0.475
15 25 4 0.575
15 25 5 0.675
15 25 6 0.775
15 25 7 0.875
15 25 8 0.975
15 25 9 1.075
15 26 0 0.176
15 26 1 0.276
15 26 2 0.376
15 26 3 0.476
15 26 4 0.576
15 26 5 0.676
15 26 6 0.776
15 26 7 0.876
15 26 8 0.976
15 26 9 1.076
15 27 0 0.177
15 27 1 0.277
15 27 2 0.377
15 27 3 0.477
15 27 4 0.577
15 27 5 0.677
15 27 6 0.777
15 27 7 0.877
15 27 8 0.977
15 27 9 1.077
15 28 0 0.178
15 28 1 0.278
15 28 2 0.378
15 28 3 0.478
15 28 4 0.578
15 28 5 0.678
15 28 6 0.778
15 28 7 0.878
15 28 8 0.978
15 28 9 1.078
15 29 0 0.179
15 29 1 0.279
15 29 2 0.379
15 29 3 0.479
15 29 4 0.579
15 29 5 0.679
15 29 6 0.779
15 29 7 0.879
15 29 8 0.979
15 29 9 1.079
16 0 0 0.16
16 0 1 0.26
16 0 2 0.36
16 0 3 0.46
16 0 4 0.56
16 0 5 0.66
16 0 6 0.76
16 0 7 0.86
16 0 8 0.96
16 0 9 1.06
16 1 0 0.161
16 1 1 0.261
16 1 2 0.361
16 1 3 0.461
16 1 4 0.561
16 1 5 0.661
16 1 6 0.761
16 1 7 0.861
16 1 8 0.961
16 1 9 1.061
16 2 0 0.162
16 2 1 0.262
16 2 2 0.362
16 2 3 0.462
16 2 4 0.562
16 2 5 0.662
16 2 6 0.762
16 2 7 0.862
16 2 8 0.962
16 2 9 1.062
16 3 0 0.163
16 3 1 0.263
16 3 2 0.363
16 3 3 0.463
16 3 4 0.563
16 3 5 0.663
16 3 6 0.763
16 3 7 0.863
16 3 8 0.963
16 3 9 1.063
16 4 0 0.164
16 4 1 0.264
16 4 2 0.364
16 4 3 0.464
16 4 4 0.564
16 4 5 0.664
16 4 6 0.764
16 4 7 0.864
16 4 8 0.964
16 4 9 1.064
16 5 0 0.165
16 5 1 0.265
16 5 2 0.365
16 5 3 0.465
16 5 4 0.565
16 5 5 0.665
16 5 6 0.765
16 5 7 0.865
16 5 8 0.965
16 5 9 1.065
16 6 0 0.166
16 6 1 0.266
16 6 2 0.366
16 6 3 0.466
16 6 4 0.566
16 6 5 0.666
16 6 6 0.766
16 6 7 0.866
16 6 8 0.966
16 6 9 1.066
16 7 0 0.167
16 7 1 0.267
16 7 2 0.367
16 7 3 0.467
16 7 4 0.567
16 7 5 0.667
16 7 6 0.767
16 7 7 0.867
16 7 8 0.967
16 7 9 1.067
16 8 0 0.168
16 8 1 0.268
16 8 2 0.368
16 8 3 0.468
16 8 4 0.568
16 8 5 0.668
16 8 6 0.768
16 8 7 0.868
16 8 8 0.968
16 8 9 1.068
16 9 0 0.169
16 9 1 0.269
16 9 2 0.369
16 9 3 0.469
16 9 4 0.569
16 9 5 0.669
16 9 6 0.769
16 9 7 0.869
16 9 8 0.969
16 9 9 1.069
16 10 0 0.17
16 10 1 0.27
16 10 2 0.37
16 10 3 0.47
16 10 4 0.57
16 10 5 0.67
16 10 6 0.77
16 10 7 0.87
16 10 8 0.97
16 10 9 1.07
16 11 0 0.171
16 11 1 0.271
16 11 2 0.371
16 11 3 0.471
16 11 4 0.571
16 11 5 0.671
16 11 6 0.771
16 11 7 0.871
16 11 8 0.971
16 11 9 1.071
16 12 0 0.172
16 12 1 0.272
16 12 2 0.372
16 12 3 0.472
16 12 4 0.572
16 12 5 0.672
16 12 6 0.772
16 12 7 0.872
16 12 8 0.972
16 12 9 1.072
16 13 0 0.173
16 13 1 0.273
16 13 2 0.373
16 13 3 0.473
16 13 4 0.573
16 13 5 0.673
16 13 6 0.773
16 13 7 0.873
16 13 8 0.973
16 13 9 1.073
16 14 0 0.174
16 14 1 0.274
16 14 2 0.374
16 14 3 0.474
16 14 4 0.574
16 14 5 0.674
16 14 6 0.774
16 14 7 0.874
16 14 8 0.974
16 14 9 1.074
16 15 0 0.175
16 15 1 0.275
16 15 2 0.375
16 15 3 0.475
16 15 4 0.575
16 15 5 0.675
16 15 6 0.775
16 15 7 0.875
16 15 8 0.975
16 15 9 1.075
16 16 0 0.176
16 16 1 0.276
16 16 2 0.376
16 16 3 0.476
16 16 4 0.576
16 16 5 0.676
16 16 6 0.776
16 16 7 0.876
16 16 8 0.976
16 16 9 1.076
16 17 0 0.177
16 17 1 0.277
16 17 2 0.377
16 17 3 0.477
16 17 4 0.577
16 17 5 0.677
16 17 6 0.777
16 17 7 0.877
16 17 8 0.977
16 17 9 1.077
16 18 0 0.178
16 18 1 0.278
16 18 2 0.378
16 18 3 0.478
16 18 4 0.578
16 18 5 0.678
16 18 6 0.778
16 18 7 0.878
16 18 8 0.978
16 18 9 1.078
16 19 0 0.179
16 19 1 0.279
16 19 2 0.379
16 19 3 0.479
16 19 4 0.579
16 19 5 0.679
16 19 6 0.779
16 19 7 0.879
16 19 8 0.979
16 19 9 1.079
16 20 0 0.18
16 20 1 0.28
16 20 2 0.38
16 20 3 0.48
16 20 4 0.58
16 20 5 0.68
16 20 6 0.78
16 20 7 0.88
16 20 8 0.98
16 20 9 1.08
16 21 0 0.181
16 21 1 0.281
16 21 2 0.381
16 21 3 0.481
16 21 4 0.581
16 21 5 0.681
16 21 6 0.781
16 21 7 0.881
16 21 8 0.981
16 21 9 1.081
16 22 0 0.182
16 22 1 0.282
16 22 2 0.382
16 22 3 0.482
16 22 4 0.582
16 22 5 0.682
16 22 6 0.782
16 22 7 0.882
16 22 8 0.982
16 22 9 1.082
16 23 0 0.183
16 23 1 0.283
16 23 2 0.383
16 23 3 0.483
16 23 4 0.583
16 23 5 0.683
16 23 6 0.783
16 23 7 0.883
16 23 8 0.983
16 23 9 1.083
16 24 0 0.184
16 24 1 0.284
16 24 2 0.384
16 24 3 0.484
16 24 4 0.584
16 24 5 0.684
16 24 6 0.784
16 24 7 0.884
16 24 8 0.984
16 24 9 1.084
16 25 0 0.185
16 25 1 0.285
16 25 2 0.385
16 25 3 0.485
16 25 4 0.585
16 25 5 0.685
16 25 6 0.785
16 25 7 0.885
16 25 8 0.985
16 25 9 1.085
16 26 0 0.186
16 26 1 0.286
16 26 2 0.386
16 26 3 0.486
16 26 4 0.586
16 26 5 0.686
16 26 6 0.786
16 26 7 0.886
16 26 8 0.986
16 26 9 1.086
16 27 0 0.187
16 27 1 0.287
16 27 2 0.387
16 27 3 0.487
16 27 4 0.587
16 27 5 0.687
16 27 6 0.787
16 27 7 0.887
16 27 8 0.987
16 27 9 1.087
16 28 0 0.188
16 28 1 0.288
16 28 2 0.388
16 28 3 0.488
16 28 4 0.588
16 28 5 0.688
16 28 6 0.788
16 28 7 0.888
16 28 8 0.988
16 28 9 1.088
16 29 0 0.189
16 29 1 0.289
16 29 2 0.389
16 29 3 0.489
16 29 4 0.589
16 29 5 0.689
16 29 6 0.789
16 29 7 0.889
16 29 8 0.989
16 29 9 1.089
17 0 0 0.17
17 0 1 0.27
17 0 2 0.37
17 0 3 0.47
17 0 4 0.57
17 0 5 0.67
17 0 6 0.77
17 0 7 0.87
17 0 8 0.97
17 0 9 1.07
17 1 0 0.171
17 1 1 0.271
17 1 2 0.371
17 1 3 0.471
17 1 4 0.571
17 1 5 0.671
17 1 6 0.771
17 1 7 0.871
17 1 8 0.971
17 1 9 1.071
17 2 0 0.172
17 2 1 0.272
17 2 2 0.372
17 2 3 0.472
17 2 4 0.572
17 2 5 0.672
17 2 6 0.772
17 2 7 0.872
17 2 8 0.972
17 2 9 1.072
17 3 0 0.173
17 3 1 0.273
17 3 2 0.373
17 3 3 0.473
17 3 4 0.573
17 3 5 0.673
17 3 6 0.773
17 3 7 0.873
17 3 8 0.973
17 3 9 1.073
17 4 0 0.174
17 4 1 0.274
17 4 2 0.374
17 4 3 0.474
17 4 4 0.574
17 4 5 0.674
17 4 6 0.774
17 4 7 0.874
17 4 8 0.974
17 4 9 1.074
17 5 0 0.175
17 5 1 0.275
17 5 2 0.375
17 5 3 0.475
17 5 4 0.575
17 5 5 0.675
17 5 6 0.775
17 5 7 0.875
17 5 8 0.975
17 5 9 1.075
17 6 0 0.176
17 6 1 0.276
17 6 2 0.376
17 6 3 0.476
17 6 4 0.576
17 6 5 0.676
17 6 6 0.776
17 6 7 0.876
17 6 8 0.976
17 6 9 1.076
17 7 0 0.177
17 7 1 0.277
17 7 2 0.377
17 7 3 0.477
17 7 4 0.577
17 7 5 0.677
17 7 6 0.777
17 7 7 0.877
17 7 8 0.977
17 7 9 1.077
17 8 0 0.178
17 8 1 0.278
17 8 2 0.378
17 8 3 0.478
17 8 4 0.578
17 8 5 0.678
17 8 6 0.778
17 8 7 0.878
17 8 8 0.978
17 8 9 1.078
17 9 0 0.179
17 9 1 0.279
17 9 2 0.379
17 9 3 0.479
17 9 4 0.579
17 9 5 0.679
17 9 6 0.779
17 9 7 0.879
17 9 8 0.979
17 9 9 1.079
17 10 0 0.18
17 10 1 0.28
17 10 2 0.38
17 10 3 0.48
17 10 4 0.58
17 10 5 0.68
17 10 6 0.78
17 10 7 0.88
17 10 8 0.98
17 10 9 1.08
17 11 0 0.181
17 11 1 0.281
17 11 2 0.381
17 11 3 0.481
17 11 4 0.581
17 11 5 0.681
17 11 6 0.781
17 11 7 0.881
17 11 8 0.981
17 11 9 1.081
17 12 0 0.182
17 12 1 0.282
17 12 2 0.382
17 12 3 0.482
17 12 4 0.582
17 12 5 0.682
17 12 6 0.782
17 12 7 0.882
17 12 8 0.982
17 12 9 1.082
17 13 0 0.183
17 13 1 0.283
17 13 2 0.383
17 13 3 0.483
17 13 4 0.583
17 13 5 0.683
17 13 6 0.783
17 13 7 0.883
17 13 8 0.983
17 13 9 1.083
17 14 0 0.184
17 14 1 0.284
17 14 2 0.384
17 14 3 0.484
17 14 4 0.584
17 14 5 0.684
17 14 6 0.784
17 14 7 0.884
17 14 8 0.984
17 14 9 1.084
17 15 0 0.185
17 15 1 0.285
17 15 2 0.385
17 15 3 0.485
17 15 4 0.585
17 15 5 0.685
17 15 6 0.785
17 15 7 0.885
17 15 8 0.985
17 15 9 1.085
17 16 0 0.186
17 16 1 0.286
17 16 2 0.386
17 16 3 0.486
17 16 4 0.586
17 16 5 0.686
17 16 6 0.786
17 16 7 0.886
17 16 8 0.986
17 16 9 1.086
17 17 0 0.187
17 17 1 0.287
17 17 2 0.387
17 17 3 0.487
17 17 4 0.587
17 17 5 0.687
17 17 6 0.787
17 17 7 0.887
17 17 8 0.987
17 17 9 1.087
17 18 0 0.188
17 18 1 0.288
17 18 2 0.388
17 18 3 0.488
17 18 4 0.588
17 18 5 0.688
17 18 6 0.788
17 18 7 0.888
17 18 8 0.988
17 18 9 1.088
17 19 0 0.189
17 19 1 0.289
17 19 2 0.389
17 19 3 0.489
17 19 4 0.589
17 19 5 0.689
17 19 6 0.789
17 19 7 0.889
17 19 8 0.989
17 19 9 1.089
17 20 0 0.19
17 20 1 0.29
17 20 2 0.39
17 20 3 0.49
17 20 4 0.59
17 20 5 0.69
17 20 6 0.79
17 20 7 0.89
17 20 8 0.99
17 20 9 1.09
17 21 0 0.191
17 21 1 0.291
17 21 2 0.391
17 21 3 0.491
17 21 4 0.591
17 21 5 0.691
17 21 6 0.791
17 21 7 0.891
17 21 8 0.991
17 21 9 1.091
17 22 0 0.192
17 22 1 0.292
17 22 2 0.392
17 22 3 0.492
17 22 4 0.592
17 22 5 0.692
17 22 6 0.792
17 22 7 0.892
17 22 8 0.992
17 22 9 1.092
17 23 0 0.193
17 23 1 0.293
17 23 2 0.393
17 23 3 0.493
17 23 4 0.593
17 23 5 0.693
17 23 6 0.793
17 23 7 0.893
17 23 8 0.993
17 23 9 1.093
17 24 0 0.194
17 24 1 0.294
17 24 2 0.394
17 24 3 0.494
17 24 4 0.594
17 24 5 0.694
17 24 6 0.794
17 24 7 0.894
17 24 8 0.994
17 24 9 1.094
17 25 0 0.195
17 25 1 0.295
17 25 2 0.395
17 25 3 0.495
17 25 4 0.595
17 25 5 0.695
17 25 6 0.795
17 25 7 0.895
17 25 8 0.995
17 25 9 1.095
17 26 0 0.196
17 26 1 0.296
17 26 2 0.396
17 26 3 0.496
17 26 4 0.596
17 26 5 0.696
17 26 6 0.796
17 26 7 0.896
17 26 8 0.996
17 26 9 1.096
17 27 0 0.197
17 27 1 0.297
17 27 2 0.397
17 27 3 0.497
17 27 4 0.597
17 27 5 0.697
17 27 6 0.797
17 27 7 0.897
17 27 8 0.997
17 27 9 1.097
17 28 0 0.198
17 28 1 0.298
17 28 2 0.398
17 28 3 0.498
17 28 4 0.598
17 28 5 0.698
17 28 6 0.798
17 28 7 0.898
17 28 8 0.998
17 28 9 1.098
17 29 0 0.199
17 29 1 0.299
17 29 2 0.399
17 29 3 0.499
17 29 4 0.599
17 29 5 0.699
17 29 6 0.799
17 29 7 0.899
17 29 8 0.999
17 29 9 1.099
18 0 0 0.18
18 0 1 0.28
18 0 2 0.38
18 0 3 0.48
18 0 4 0.58
18 0 5 0.68
18 0 6 0.78
18 0 7 0.88
18 0 8 0.98
18 0 9 1.08
18 1 0 0.181
18 1 1 0.281
18 1 2 0.381
18 1 3 0.481
18 1 4 0.581
18 1 5 0.681
18 1 6 0.781
18 1 7 0.881
18 1 8 0.981
18 1 9 1.081
18 2 0 0.182
18 2 1 0.282
18 2 2 0.382
18 2 3 0.482
18 2 4 0.582
18 2 5 0.682
18 2 6 0.782
18 2 7 0.882
18 2 8 0.982
18 2 9 1.082
18 3 0 0.183
18 3 1 0.283
18 3 2 0.383
18 3 3 0.483
18 3 4 0.583
18 3 5 0.683
18 3 6 0.783
18 3 7 0.883
18 3 8 0.983
18 3 9 1.083
18 4 0 0.184
18 4 1 0.284
18 4 2 0.384
18 4 3 0.484
18 4 4 0.584
18 4 5 0.684
18 4 6 0.784
18 4 7 0.884
18 4 8 0.984
18 4 9 1.084
18 5 0 0.185
18 5 1 0.285
18 5 2 0.385
18 5 3 0.485
18 5 4 0.585
18 5 5 0.685
18 5 6 0.785
18 5 7 0.885
18 5 8 0.985
18 5 9 1.085
18 6 0 0.186
18 6 1 0.286
18 6 2 0.386
18 6 3 0.486
18 6 4 0.586
18 6 5 0.686
18 6 6 0.786
18 6 7 0.886
18 6 8 0.986
18 6 9 1.086
18 7 0 0.187
18 7 1 0.287
18 7 2 0.387
18 7 3 0.487
18 7 4 0.587
18 7 5 0.687
18 7 6 0.787
18 7 7 0.887
18 7 8 0.987
18 7 9 1.087
18 8 0 0.188
18 8 1 0.288
18 8 2 0.388
18 8 3 0.488
18 8 4 0.588
18 8 5 0.688
18 8 6 0.788
18 8 7 0.888
18 8 8 0.988
18 8 9 1.088
18 9 0 0.189
18 9 1 0.289
18 9 2 0.389
18 9 3 0.489
18 9 4 0.589
18 9 5 0.689
18 9 6 0.789
18 9 7 0.889
18 9 8 0.989
18 9 9 1.089
18 10 0 0.19
18 10 1 0.29
18 10 2 0.39
18 10 3 0.49
18 10 4 0.59
18 10 5 0.69
18 10 6 0.79
18 10 7 0.89
18 10 8 0.99
18 10 9 1.09
18 11 0 0.191
18 11 1 0.291
18 11 2 0.391
18 11 3 0.491
18 11 4 0.591
18 11 5 0.691
18 11 6 0.791
18 11 7 0.891
18 11 8 0.991
18 11 9 1.091
18 12 0 0.192
18 12 1 0.292
18 12 2 0.392
18 12 3 0.492
18 12 4 0.592
18 12 5 0.692
18 12 6 0.792
18 12 7 0.892
18 12 8 0.992
18 12 9 1.092
18 13 0 0.193
18 13 1 0.293
18 13 2 0.393
18 13 3 0.493
18 13 4 0.593
18 13 5 0.693
18 13 6 0.793
18 13 7 0.893
18 13 8 0.993
18 13 9 1.093
18 14 0 0.194
18 14 1 0.294
18 14 2 0.394
18 14 3 0.494
18 14 4 0.594
18 14 5 0.694
18 14 6 0.794
18 14 7 0.894
18 14 8 0.994
18 14 9 1.094
18 15 0 0.195
18 15 1 0.295
18 15 2 0.395
18 15 3 0.495
18 15 4 0.595
18 15 5 0.695
18 15 6 0.795
18 15 7 0.895
18 15 8 0.995
18 15 9 1.095
18 16 0 0.196
18 16 1 0.296
18 16 2 0.396
18 16 3 0.496
18 16 4 0.596
18 16 5 0.696
18 16 6 0.796
18 16 7 0.896
18 16 8 0.996
18 16 9 1.096
18 17 0 0.197
18 17 1 0.297
18 17 2 0.397
18 17 3 0.497
18 17 4 0.597
18 17 5 0.697
18 17 6 0.797
18 17 7 0.897
18 17 8 0.997
18 17 9 1.097
18 18 0 0.198
18 18 1 0.298
18 18 2 0.398
18 18 3 0.498
18 18 4 0.598
18 18 5 0.698
18 18 6 0.798
18 18 7 0.898
18 18 8 0.998
18 18 9 1.098
18 19 0 0.199
18 19 1 0.299
18 19 2 0.399
18 19 3 0.499
18 19 4 0.599
18 19 5 0.699
18 19 6 0.799
18 19 7 0.899
18 19 8 0.999
18 19 9 1.099
18 20 0 0.2
18 20 1 0.3
18 20 2 0.4
18 20 3 0.5
18 20 4 0.6
18 20 5 0.7
18 20 6 0.8
18 20 7 0.9
18 20 8 1
18 20 9 1.1
18 21 0 0.201
18 21 1 0.301
18 21 2 0.401
18 21 3 0.501
18 21 4 0.601
18 21 5 0.701
18 21 6 0.801
18 21 7 0.901
18 21 8 1.001
18 21 9 1.101
18 22 0 0.202
18 22 1 0.302
18 22 2 0.402
18 22 3 0.502
18 22 4 0.602
18 22 5 0.702
18 22 6 0.802
18 22 7 0.902
18 22 8 1.002
18 22 9 1.102
18 23 0 0.203
18 23 1 0.303
18 23 2 0.403
18 23 3 0.503
18 23 4 0.603
18 23 5 0.703
18 23 6 0.803
18 23 7 0.903
18 23 8 1.003
18 23 9 1.103
18 24 0 0.204
18 24 1 0.304
18 24 2 0.404
18 24 3 0.504
18 24 4 0.604
18 24 5 0.704
18 24 6 0.804
18 24 7 0.904
18 24 8 1.004
18 24 9 1.104
18 25 0 0.205
18 25 1 0.305
18 25 2 0.405
18 25 3 0.505
18 25 4 0.605
18 25 5 0.705
18 25 6 0.805
18 25 7 0.905
18 25 8 1.005
18 25 9 1.105
18 26 0 0.206
18 26 1 0.306
18 26 2 0.406
18 26 3 0.506
18 26 4 0.606
18 26 5 0.706
18 26 6 0.806
18 26 7 0.906
18 26 8 1.006
18 26 9 1.106
18 27 0 0.207
18 27 1 0.307
18 27 2 0.407
18 27 3 0.507
18 27 4 0.607
18 27 5 0.707
18 27 6 0.807
18 27 7 0.907
18 27 8 1.007
18 27 9 1.107
18 28 0 0.208
18 28 1 0.308
18 28 2 0.408
18 28 3 0.508
18 28 4 0.608
18 28 5 0.708
18 28 6 0.808
18 28 7 0.908
18 28 8 1.008
18 28 9 1.108
18 29 0 0.209
18 29 1 0.309
18 29 2 0.409
18 29 3 0.509
18 29 4 0.609
18 29 5 0.709
18 29 6 0.809
18 29 7 0.909
18 29 8 1.009
18 29 9 1.109
19 0 0 0.19
19 0 1 0.29
19 0 2 0.39
19 0 3 0.49
19 0 4 0.59
19 0 5 0.69
19 0 6 0.79
19 0 7 0.89
19 0 8 0.99
19 0 9 1.09
19 1 0 0.191
19 1 1 0.291
19 1 2 0.391
19 1 3 0.491
19 1 4 0.591
19 1 5 0.691
19 1 6 0.791
19 1 7 0.891
19 1 8 0.991
19 1 9 1.091
19 2 0 0.192
19 2 1 0.292
19 2 2 0.392
19 2 3 0.492
19 2 4 0.592
19 2 5 0.692
19 2 6 0.792
19 2 7 0.892
19 2 8 0.992
19 2 9 1.092
19 3 0 0.193
19 3 1 0.293
19 3 2 0.393
19 3 3 0.493
19 3 4 0.593
19 3 5 0.693
19 3 6 0.793
19 3 7 0.893
19 3 8 0.993
19 3 9 1.093
19 4 0 0.194
19 4 1 0.294
19 4 2 0.394
19 4 3 0.494
19 4 4 0.594
19 4 5 0.694
19 4 6 0.794
19 4 7 0.894
19 4 8 0.994
19 4 9 1.094
19 5 0 0.195
19 5 1 0.295
19 5 2 0.395
19 5 3 0.495
19 5 4 0.595
19 5 5 0.695
19 5 6 0.795
19 5 7 0.895
19 5 8 0.995
19 5 9 1.095
19 6 0 0.196
19 6 1 0.296
19 6 2 0.396
19 6 3 0.496
19 6 4 0.596
19 6 5 0.696
19 6 6 0.796
19 6 7 0.896
19 6 8 0.996
19 6 9 1.096
19 7 0 0.197
19 7 1 0.297
19 7 2 0.397
19 7 3 0.497
19 7 4 0.597
19 7 5 0.697
19 7 6 0.797
19 7 7 0.897
19 7 8 0.997
19 7 9 1.097
19 8 0 0.198
19 8 1 0.298
19 8 2 0.398
19 8 3 0.498
19 8 4 0.598
19 8 5 0.698
19 8 6 0.798
19 8 7 0.898
19 8 8 0.998
19 8 9 1.098
19 9 0 0.199
19 9 1 0.299
19 9 2 0.399
19 9 3 0.499
19 9 4 0.599
19 9 5 0.699
19 9 6 0.799
19 9 7 0.899
19 9 8 0.999
19 9 9 1.099
19 10 0 0.2
19 10 1 0.3
19 10 2 0.4
19 10 3 0.5
19 10 4 0.6
19 10 5 0.7
19 10 6 0.8
19 10 7 0.9
19 10 8 1
19 10 9 1.1
19 11 0 0.201
19 11 1 0.301
19 11 2 0.401
19 11 3 0.501
19 11 4 0.601
19 11 5 0.701
19 11 6 0.801
19 11 7 0.901
19 11 8 1.001
19 11 9 1.101
19 12 0 0.202
19 12 1 0.302
19 12 2 0.402
19 12 3 0.502
19 12 4 0.602
19 12 5 0.702
19 12 6 0.802
19 12 7 0.902
19 12 8 1.002
19 12 9 1.102
19 13 0 0.203
19 13 1 0.303
19 13 2 0.403
19 13 3 0.503
19 13 4 0.603
19 13 5 0.703
19 13 6 0.803
19 13 7 0.903
19 13 8 1.003
19 13 9 1.103
19 14 0 0.204
19 14 1 0.304
19 14 2 0.404
19 14 3 0.504
19 14 4 0.604
19 14 5 0.704
19 14 6 0.804
19 14 7 0.904
19 14 8 1.004
19 14 9 1.104
19 15 0 0.205
19 15 1 0.305
19 15 2 0.405
19 15 3 0.505
19 15 4 0.605
19 15 5 0.705
19 15 6 0.805
19 15 7 0.905
19 15 8 1.005
19 15 9 1.105
19 16 0 0.206
19 16 1 0.306
19 16 2 0.406
19 16 3 0.506
19 16 4 0.606
19 16 5 0.706
19 16 6 0.806
19 16 7 0.906
19 16 8 1.006
19 16 9 1.106
19 17 0 0.207
19 17 1 0.307
19 17 2 0.407
19 17 3 0.507
19 17 4 0.607
19 17 5 0.707
19 17 6 0.807
19 17 7 0.907
19 17 8 1.007
19 17 9 1.107
19 18 0 0.208
19 18 1 0.308
19 18 2 0.408
19 18 3 0.508
19 18 4 0.608
19 18 5 0.708
19 18 6 0.808
19 18 7 0.908
19 18 8 1.008
19 18 9 1.108
19 19 0 0.209
19 19 1 0.309
19 19 2 0.409
19 19 3 0.509
19 19 4 0.609
19 19 5 0.709
19 19 6 0.809
19 19 7 0.909
19 19 8 1.009
19 19 9 1.109
19 20 0 0.21
19 20 1 0.31
19 20 2 0.41
19 20 3 0.51
19 20 4 0.61
19 20 5 0.71
19 20 6 0.81
19 20 7 0.91
19 20 8 1.01
19 20 9 1.11
19 21 0 0.211
19 21 1 0.311
19 21 2 0.411
19 21 3 0.511
19 21 4 0.611
19 21 5 0.711
19 21 6 0.811
19 21 7 0.911
19 21 8 1.011
19 21 9 1.111
19 22 0 0.212
19 22 1 0.312
19 22 2 0.412
19 22 3 0.512
19 22 4 0.612
19 22 5 0.712
19 22 6 0.812
19 22 7 0.912
19 22 8 1.012
19 22 9 1.112
19 23 0 0.213
19 23 1 0.313
19 23 2 0.413
19 23 3 0.513
19 23 4 0.613
19 23 5 0.713
19 23 6 0.813
19 23 7 0.913
19 23 8 1.013
19 23 9 1.113
19 24 0 0.214
19 24 1 0.314
19 24 2 0.414
19 24 3 0.514
19 24 4 0.614
19 24 5 0.714
19 24 6 0.814
19 24 7 0.914
19 24 8 1.014
19 24 9 1.114
19 25 0 0.215
19 25 1 0.315
19 25 2 0.415
19 25 3 0.515
19 25 4 0.615
19 25 5 0.715
19 25 6 0.815
19 25 7 0.915
19 25 8 1.015
19 25 9 1.115
19 26 0 0.216
19 26 1 0.316
19 26 2 0.416
19 26 3 0.516
19 26 4 0.616
19 26 5 0.716
19 26 6 0.816
19 26 7 0.916
19 26 8 1.016
19 26 9 1.116
19 27 0 0.217
19 27 1 0.317
19 27 2 0.417
19 27 3 0.517
19 27 4 0.617
19 27 5 0.717
19 27 6 0.817
19 27 7 0.917
19 27 8 1.017
19 27 9 1.117
19 28 0 0.218
19 28 1 0.318
19 28 2 0.418
19 28 3 0.518
19 28 4 0.618
19 28 5 0.718
19 28 6 0.818
19 28 7 0.918
19 28 8 1.018
19 28 9 1.118
19 29 0 0.219
19 29 1 0.319
19 29 2 0.419
19 29 3 0.519
19 29 4 0.619
19 29 5 0.719
19 29 6 0.819
19 29 7 0.919
19 29 8 1.019
19 29 9 1.119
